P -208.0000, -82.0000, 0.0000,  255, 0, 0,  3,  to_Iceclad_Ocean_(ZI)
P -798.0000, -641.0000, 0.0000,  255, 0, 0,  3,  to_Iceclad_Ocean
P 9.0000, -1173.0000, 0.0000,  255, 0, 0,  3,  to_Iceclad_Ocean
P 179.0000, -156.0000, 0.0000,  255, 0, 0,  3,  to_Iceclad_Ocean
P 306.0000, -1197.0000, 0.0000,  255, 0, 0,  3,  to_Iceclad_Ocean
P -34.0000, -251.0000, 0.0000,  255, 0, 0,  3,  to_Iceclad_Ocean
P -517.0000, -1172.0000, 0.0000,  255, 0, 0,  3,  to_Iceclad_Ocean
P -200.0000, -120.0000, 0.0000,  255, 0, 0,  2,  Succor
P -669.0000, -1172.0000, 0.0000,  255, 255, 0,  2,  D
P -167.0000, -710.0000, 0.0000,  255, 255, 0,  2,  D
P -181.0000, -981.0000, 0.0000,  255, 255, 0,  2,  D_(click_torch)
P -186.0000, -1173.0000, 0.0000,  255, 255, 0,  2,  E
P 100.0000, -160.0000, 0.0000,  255, 255, 0,  2,  E
P 50.0000, -603.0000, 0.0000,  255, 255, 0,  2,  F
P 306.0000, -680.0000, 0.0000,  255, 255, 0,  2,  F
P 390.0000, -1311.0000, 0.0000,  255, 255, 0,  2,  G
P 442.0000, -175.0000, 0.0000,  255, 255, 0,  2,  G
P 370.0000, -290.0000, 0.0000,  255, 255, 0,  2,  F
P -669.0000, -40.0000, 0.0000,  255, 255, 0,  2,  B
P -616.0000, -669.0000, 0.0000,  255, 255, 0,  2,  C
P -676.0000, -710.0000, 0.0000,  255, 255, 0,  2,  C
P -240.0000, -476.0000, 0.0000,  255, 255, 0,  2,  A
P -169.0000, -477.0000, 0.0000,  255, 255, 0,  2,  B
P -27.0000, -240.0000, 0.0000,  255, 255, 0,  2,  A
P 391.0000, -492.0000, 0.0000,  255, 255, 0,  2,  H
P -19.0000, -28.0000, 0.0000,  255, 255, 0,  2,  H
P -614.8276, -653.4155, 21.5190,  240, 240, 240,  2,  Three_Toothed_Key_(from_angry_librarian)
P -665.8181, -1163.3934, 79.9707,  240, 240, 240,  2,  Frosty_Key
P 396.6621, -399.1339, 21.0020,  0, 0, 0,  2,  VhalSera
P -22.2905, -436.5891, 351.8455,  0, 0, 0,  2,  Advisor_Svartmane
P -199.2821, -980.2078, 184.9299,  0, 0, 0,  2,  Cara_Omica
P -172.7790, -1168.7317, 189.9394,  240, 240, 240,  2,  Small_rusty_key
P 33.3586, -375.6199, 214.9081,  0, 0, 0,  2,  Dark_Huntress
P 520.2196, -855.3615, 0.0020,  240, 240, 0,  2,  TRAP
P 263.3286, -1129.8263, -10.9980,  240, 240, 0,  2,  TRAP
P 318.4762, -981.8852, 0.0020,  240, 240, 0,  2,  TRAP
P 345.7838, -918.2905, 0.0020,  0, 0, 0,  2,  Incoherent_spirit
P 357.2559, -1126.5974, 0.0020,  0, 0, 240,  1,  GS:_Vial_of_Boiling_Acid
P -93.8792, -899.6993, 174.9404,  127, 64, 0,  2,  Amontehepna_(Hunter)
P -628.8986, -804.1951, 71.9707,  127, 64, 0,  2,  an_angry_chef_(Hunter)
P 146.7986, -431.3309, 214.9081,  127, 64, 0,  2,  Daman_(Hunter)
P 147.5414, -544.9469, 214.9081,  127, 64, 0,  2,  The_Head_Usher_(Hunter,Roam,HS)
P 35.7549, -998.0551, 174.9394,  127, 64, 0,  2,  maggot_infested_flesh_(Hunter,Roam)
P -228.0504, -748.8055, 175.3853,  127, 64, 0,  2,  Narmak_Berreka_(Hunter)
P 158.3318, -429.4733, 214.9081,  127, 64, 0,  2,  Nosja_(Hunter)
P -78, -261, 0, 127, 64, 0, 2, Xalgoti_(Hunter)
P 555.4119, -239.9456, -11.3655,  127, 64, 0,  2,  Zorglim_the_Dead_(Hunter)