L 1000.0, 0.0, 0.0, 1000.0, -50.0, 0.0, 255, 0, 0
L -20.0, 50.0, 0.0, -50.0, 20.0, 0.0, 255, 0, 0
L 50.0, 20.0, 0.0, 20.0, 50.0, 0.0, 255, 0, 0
L 20.0, -50.0, 0.0, 50.0, -20.0, 0.0, 255, 0, 0
L -50.0, -20.0, 0.0, -20.0, -50.0, 0.0, 255, 0, 0
L -50.0, 20.0, 0.0, -50.0, -20.0, 0.0, 255, 0, 0
L 20.0, 50.0, 0.0, -20.0, 50.0, 0.0, 255, 0, 0
L 50.0, -20.0, 0.0, 50.0, 20.0, 0.0, 255, 0, 0
L -20.0, -50.0, 0.0, 20.0, -50.0, 0.0, 255, 0, 0
L 580.0, -20.0, 0.0, 540.0, -20.0, 0.0, 255, 0, 0
L 580.0, -90.0, 0.0, 580.0, -20.0, 0.0, 255, 0, 0
L 540.0, -90.0, 0.0, 580.0, -90.0, 0.0, 255, 0, 0
L 540.0, -20.0, 0.0, 540.0, -90.0, 0.0, 255, 0, 0
L 520.0, -20.0, 0.0, 480.0, -20.0, 0.0, 255, 0, 0
L 520.0, -90.0, 0.0, 520.0, -20.0, 0.0, 255, 0, 0
L 480.0, -90.0, 0.0, 520.0, -90.0, 0.0, 255, 0, 0
L 480.0, -20.0, 0.0, 480.0, -90.0, 0.0, 255, 0, 0
L 460.0, -90.0, 0.0, 450.0, -80.0, 0.0, 255, 0, 0
L 460.0, -20.0, 0.0, 460.0, -90.0, 0.0, 255, 0, 0
L 0.0, -250.0, 0.0, 0.0, 250.0, 0.0, 255, 0, 0
L -250.0, 0.0, 0.0, 1000.0, 0.0, 0.0, 255, 0, 0
L -120.0, -80.0, 0.0, -120.0, -60.0, 0.0, 255, 0, 0
L -120.0, -60.0, 0.0, -120.0, -40.0, 0.0, 255, 0, 0
L -100.0, -60.0, 0.0, -120.0, -60.0, 0.0, 255, 0, 0
L -120.0, -60.0, 0.0, -140.0, -60.0, 0.0, 255, 0, 0
L -90.0, -50.0, 0.0, -100.0, -30.0, 0.0, 255, 0, 0
L -60.0, -80.0, 0.0, -60.0, -60.0, 0.0, 255, 0, 0
L -60.0, -60.0, 0.0, -60.0, -40.0, 0.0, 255, 0, 0
L -40.0, -60.0, 0.0, -60.0, -60.0, 0.0, 255, 0, 0
L -60.0, -60.0, 0.0, -80.0, -60.0, 0.0, 255, 0, 0
L 100.0, 60.0, 0.0, 120.0, 60.0, 0.0, 255, 0, 0
L 120.0, 60.0, 0.0, 140.0, 60.0, 0.0, 255, 0, 0
L 90.0, 70.0, 0.0, 80.0, 90.0, 0.0, 255, 0, 0
L 40.0, 60.0, 0.0, 60.0, 60.0, 0.0, 255, 0, 0
L 60.0, 60.0, 0.0, 80.0, 60.0, 0.0, 255, 0, 0
L -100.0, 60.0, 0.0, -120.0, 60.0, 0.0, 255, 0, 0
L -120.0, 60.0, 0.0, -140.0, 60.0, 0.0, 255, 0, 0
L -90.0, 70.0, 0.0, -100.0, 90.0, 0.0, 255, 0, 0
L -60.0, 80.0, 0.0, -60.0, 60.0, 0.0, 255, 0, 0
L -60.0, 60.0, 0.0, -60.0, 40.0, 0.0, 255, 0, 0
L -40.0, 60.0, 0.0, -60.0, 60.0, 0.0, 255, 0, 0
L -60.0, 60.0, 0.0, -80.0, 60.0, 0.0, 255, 0, 0
L 100.0, -60.0, 0.0, 120.0, -60.0, 0.0, 255, 0, 0
L 120.0, -60.0, 0.0, 140.0, -60.0, 0.0, 255, 0, 0
L 90.0, -50.0, 0.0, 80.0, -30.0, 0.0, 255, 0, 0
L 60.0, -80.0, 0.0, 60.0, -60.0, 0.0, 255, 0, 0
L 60.0, -60.0, 0.0, 60.0, -40.0, 0.0, 255, 0, 0
L 40.0, -60.0, 0.0, 60.0, -60.0, 0.0, 255, 0, 0
L 60.0, -60.0, 0.0, 80.0, -60.0, 0.0, 255, 0, 0
L 599.0, -90.0, 0.0, 637.3, -90.0, 0.0, 255, 0, 0
L 599.0, -20.0, 0.0, 637.3, -20.0, 0.0, 255, 0, 0
L 599.0, -90.0, 0.0, 599.0, -20.0, 0.0, 255, 0, 0
L 637.3, -90.0, 0.0, 637.3, -20.0, 0.0, 255, 0, 0
L 700, 2500, 0, 700, 2560, 0, 0, 0, 0
L 740, 2560, 0, 700, 2560, 0, 0, 0, 0
L 760, 2530, 0, 790, 2530, 0, 0, 0, 0
L 760, 2560, 0, 790, 2560, 0, 0, 0, 0
L 760, 2500, 0, 760, 2560, 0, 0, 0, 0
L 790, 2500, 0, 760, 2500, 0, 0, 0, 0
L 840, 2560, 0, 810, 2560, 0, 0, 0, 0
L 810, 2500, 0, 840, 2500, 0, 0, 0, 0
L 810, 2560, 0, 810, 2500, 0, 0, 0, 0
L 840, 2560, 0, 840, 2530, 0, 0, 0, 0
L 840, 2530, 0, 820, 2530, 0, 0, 0, 0
L 860, 2530, 0, 890, 2530, 0, 0, 0, 0
L 860, 2560, 0, 890, 2560, 0, 0, 0, 0
L 860, 2500, 0, 860, 2560, 0, 0, 0, 0
L 890, 2500, 0, 860, 2500, 0, 0, 0, 0
L 940, 2560, 0, 940, 2500, 0, 0, 0, 0
L 910, 2500, 0, 940, 2560, 0, 0, 0, 0
L 910, 2560, 0, 910, 2500, 0, 0, 0, 0
L 970, 2560, 0, 970, 2500, 0, 0, 0, 0
L 980, 2560, 0, 960, 2560, 0, 0, 0, 0
L 990, 2530, 0, 980, 2560, 0, 0, 0, 0
L 980, 2500, 0, 990, 2530, 0, 0, 0, 0
L 960, 2500, 0, 980, 2500, 0, 0, 0, 0
L 780, 2670, 0, 820, 2630, 0, 255, 255, 0
L 700, 2630, 0, 740, 2590, 0, 255, 255, 0
L 700, 2670, 0, 780, 2590, 0, 255, 255, 0
L 740, 2670, 0, 820, 2590, 0, 255, 255, 0
L 700, 2670, 0, 700, 2590, 0, 0, 0, 0
L 820, 2670, 0, 700, 2670, 0, 0, 0, 0
L 820, 2590, 0, 820, 2670, 0, 0, 0, 0
L 700, 2590, 0, 820, 2590, 0, 0, 0, 0
L 860, 2630, 0, 890, 2630, 0, 0, 0, 0
L 860, 2600, 0, 860, 2660, 0, 0, 0, 0
L 890, 2600, 0, 860, 2600, 0, 0, 0, 0
L 920, 2630, 0, 940, 2630, 0, 0, 0, 0
L 930, 2600, 0, 950, 2660, 0, 0, 0, 0
L 910, 2660, 0, 930, 2600, 0, 0, 0, 0
L 970, 2600, 0, 970, 2630, 0, 0, 0, 0
L 970, 2630, 0, 970, 2660, 0, 0, 0, 0
L 970, 2630, 0, 1010, 2660, 0, 0, 0, 0
L 970, 2630, 0, 1010, 2600, 0, 0, 0, 0
L 1030, 2630, 0, 1060, 2630, 0, 0, 0, 0
L 1030, 2660, 0, 1060, 2660, 0, 0, 0, 0
L 1030, 2600, 0, 1030, 2660, 0, 0, 0, 0
L 1060, 2600, 0, 1030, 2600, 0, 0, 0, 0
L 1140, 2630, 0, 1170, 2630, 0, 0, 0, 0
L 1140, 2600, 0, 1140, 2660, 0, 0, 0, 0
L 1170, 2600, 0, 1140, 2600, 0, 0, 0, 0
L 1190, 2600, 0, 1190, 2660, 0, 0, 0, 0
L 1230, 2660, 0, 1190, 2660, 0, 0, 0, 0
L 1250, 2600, 0, 1280, 2600, 0, 0, 0, 0
L 1250, 2660, 0, 1280, 2660, 0, 0, 0, 0
L 1250, 2600, 0, 1250, 2660, 0, 0, 0, 0
L 1280, 2600, 0, 1280, 2660, 0, 0, 0, 0
L 1300, 2600, 0, 1330, 2600, 0, 0, 0, 0
L 1300, 2660, 0, 1330, 2660, 0, 0, 0, 0
L 1300, 2600, 0, 1300, 2660, 0, 0, 0, 0
L 1330, 2600, 0, 1330, 2660, 0, 0, 0, 0
L 1350, 2600, 0, 1350, 2630, 0, 0, 0, 0
L 1350, 2630, 0, 1350, 2660, 0, 0, 0, 0
L 1350, 2630, 0, 1370, 2630, 0, 0, 0, 0
L 1390, 2630, 0, 1390, 2600, 0, 0, 0, 0
L 1350, 2600, 0, 1390, 2600, 0, 0, 0, 0
L 1370, 2630, 0, 1390, 2630, 0, 0, 0, 0
L 1390, 2660, 0, 1370, 2630, 0, 0, 0, 0
L 700, 2710, 0, 700, 2740, 0, 255, 210, 0
L 700, 2710, 0, 720, 2710, 0, 255, 210, 0
L 720, 2770, 0, 700, 2770, 0, 255, 210, 0
L 700, 2740, 0, 700, 2770, 0, 255, 210, 0
L 720, 2740, 0, 700, 2740, 0, 255, 210, 0
L 720, 2740, 0, 740, 2725, 0, 255, 210, 0
L 720, 2710, 0, 740, 2725, 0, 255, 210, 0
L 720, 2740, 0, 740, 2755, 0, 255, 210, 0
L 740, 2755, 0, 720, 2770, 0, 255, 210, 0
L 770, 2740, 0, 790, 2740, 0, 255, 210, 0
L 780, 2710, 0, 800, 2770, 0, 255, 210, 0
L 760, 2770, 0, 780, 2710, 0, 255, 210, 0
L 850, 2770, 0, 850, 2710, 0, 255, 210, 0
L 820, 2710, 0, 850, 2770, 0, 255, 210, 0
L 820, 2770, 0, 820, 2710, 0, 255, 210, 0
L 870, 2710, 0, 870, 2740, 0, 255, 210, 0
L 870, 2740, 0, 870, 2770, 0, 255, 210, 0
L 870, 2740, 0, 910, 2770, 0, 255, 210, 0
L 870, 2740, 0, 910, 2710, 0, 255, 210, 0
L 930, 2740, 0, 960, 2740, 0, 255, 210, 0
L 930, 2770, 0, 960, 2770, 0, 255, 210, 0
L 930, 2710, 0, 930, 2770, 0, 255, 210, 0
L 960, 2710, 0, 930, 2710, 0, 255, 210, 0
L 980, 2710, 0, 980, 2740, 0, 255, 210, 0
L 980, 2740, 0, 980, 2770, 0, 255, 210, 0
L 980, 2740, 0, 1000, 2740, 0, 255, 210, 0
L 1020, 2740, 0, 1020, 2710, 0, 255, 210, 0
L 980, 2710, 0, 1020, 2710, 0, 255, 210, 0
L 1000, 2740, 0, 1020, 2740, 0, 255, 210, 0
L 1020, 2770, 0, 1000, 2740, 0, 255, 210, 0
L 730, 2860, 0, 700, 2860, 0, 255, 255, 255
L 700, 2800, 0, 730, 2800, 0, 255, 255, 255
L 700, 2860, 0, 700, 2800, 0, 255, 255, 255
L 750, 2800, 0, 780, 2800, 0, 255, 255, 255
L 750, 2860, 0, 780, 2860, 0, 255, 255, 255
L 750, 2800, 0, 750, 2860, 0, 255, 255, 255
L 780, 2800, 0, 780, 2860, 0, 255, 255, 255
L 840, 2800, 0, 840, 2860, 0, 255, 255, 255
L 820, 2830, 0, 840, 2800, 0, 255, 255, 255
L 800, 2800, 0, 820, 2830, 0, 255, 255, 255
L 800, 2860, 0, 800, 2800, 0, 255, 255, 255
L 900, 2800, 0, 900, 2860, 0, 255, 255, 255
L 880, 2830, 0, 900, 2800, 0, 255, 255, 255
L 860, 2800, 0, 880, 2830, 0, 255, 255, 255
L 860, 2860, 0, 860, 2800, 0, 255, 255, 255
L 920, 2830, 0, 950, 2830, 0, 255, 255, 255
L 920, 2860, 0, 950, 2860, 0, 255, 255, 255
L 920, 2800, 0, 920, 2860, 0, 255, 255, 255
L 950, 2800, 0, 920, 2800, 0, 255, 255, 255
L 1000, 2860, 0, 1000, 2800, 0, 255, 255, 255
L 970, 2800, 0, 1000, 2860, 0, 255, 255, 255
L 970, 2860, 0, 970, 2800, 0, 255, 255, 255
L 1040, 2800, 0, 1040, 2860, 0, 255, 255, 255
L 1020, 2800, 0, 1060, 2800, 0, 255, 255, 255
L 730, 2950, 0, 700, 2950, 0, 0, 0, 0
L 700, 2890, 0, 730, 2890, 0, 0, 0, 0
L 700, 2950, 0, 700, 2890, 0, 0, 0, 0
L 730, 2950, 0, 730, 2920, 0, 0, 0, 0
L 730, 2920, 0, 710, 2920, 0, 0, 0, 0
L 750, 2920, 0, 780, 2920, 0, 0, 0, 0
L 750, 2950, 0, 780, 2950, 0, 0, 0, 0
L 750, 2890, 0, 750, 2950, 0, 0, 0, 0
L 780, 2890, 0, 750, 2890, 0, 0, 0, 0
L 830, 2950, 0, 830, 2890, 0, 0, 0, 0
L 800, 2890, 0, 830, 2950, 0, 0, 0, 0
L 800, 2950, 0, 800, 2890, 0, 0, 0, 0
L 850, 2920, 0, 880, 2920, 0, 0, 0, 0
L 850, 2950, 0, 880, 2950, 0, 0, 0, 0
L 850, 2890, 0, 850, 2950, 0, 0, 0, 0
L 880, 2890, 0, 850, 2890, 0, 0, 0, 0
L 900, 2890, 0, 900, 2920, 0, 0, 0, 0
L 900, 2920, 0, 900, 2950, 0, 0, 0, 0
L 900, 2920, 0, 920, 2920, 0, 0, 0, 0
L 940, 2920, 0, 940, 2890, 0, 0, 0, 0
L 900, 2890, 0, 940, 2890, 0, 0, 0, 0
L 920, 2920, 0, 940, 2920, 0, 0, 0, 0
L 940, 2950, 0, 920, 2920, 0, 0, 0, 0
L 970, 2920, 0, 990, 2920, 0, 0, 0, 0
L 980, 2890, 0, 1000, 2950, 0, 0, 0, 0
L 960, 2950, 0, 980, 2890, 0, 0, 0, 0
L 1020, 2890, 0, 1020, 2950, 0, 0, 0, 0
L 1060, 2950, 0, 1020, 2950, 0, 0, 0, 0
L 730, 3040, 0, 700, 3040, 0, 0, 0, 255
L 700, 2980, 0, 730, 2980, 0, 0, 0, 255
L 700, 3040, 0, 700, 2980, 0, 0, 0, 255
L 730, 3040, 0, 730, 3010, 0, 0, 0, 255
L 730, 3010, 0, 710, 3010, 0, 0, 0, 255
L 750, 2980, 0, 750, 3010, 0, 0, 0, 255
L 750, 3010, 0, 750, 3040, 0, 0, 0, 255
L 750, 3010, 0, 770, 3010, 0, 0, 0, 255
L 790, 3010, 0, 790, 2980, 0, 0, 0, 255
L 750, 2980, 0, 790, 2980, 0, 0, 0, 255
L 770, 3010, 0, 790, 3010, 0, 0, 0, 255
L 790, 3040, 0, 770, 3010, 0, 0, 0, 255
L 810, 2980, 0, 840, 2980, 0, 0, 0, 255
L 810, 3040, 0, 840, 3040, 0, 0, 0, 255
L 810, 2980, 0, 810, 3040, 0, 0, 0, 255
L 840, 2980, 0, 840, 3040, 0, 0, 0, 255
L 900, 2980, 0, 900, 3040, 0, 0, 0, 255
L 860, 2980, 0, 860, 3040, 0, 0, 0, 255
L 860, 3040, 0, 900, 3040, 0, 0, 0, 255
L 950, 3040, 0, 950, 2980, 0, 0, 0, 255
L 920, 2980, 0, 950, 3040, 0, 0, 0, 255
L 920, 3040, 0, 920, 2980, 0, 0, 0, 255
L 980, 3040, 0, 980, 2980, 0, 0, 0, 255
L 990, 3040, 0, 970, 3040, 0, 0, 0, 255
L 1000, 3010, 0, 990, 3040, 0, 0, 0, 255
L 990, 2980, 0, 1000, 3010, 0, 0, 0, 255
L 970, 2980, 0, 990, 2980, 0, 0, 0, 255
L 1080, 2980, 0, 1080, 3010, 0, 0, 0, 255
L 1080, 3040, 0, 1120, 3040, 0, 0, 0, 255
L 1120, 3010, 0, 1080, 3010, 0, 0, 0, 255
L 1080, 2980, 0, 1120, 2980, 0, 0, 0, 255
L 1120, 3010, 0, 1120, 3040, 0, 0, 0, 255
L 1170, 3010, 0, 1140, 3010, 0, 0, 0, 255
L 1170, 2980, 0, 1170, 3010, 0, 0, 0, 255
L 1140, 2980, 0, 1170, 2980, 0, 0, 0, 255
L 1140, 3040, 0, 1140, 2980, 0, 0, 0, 255
L 1200, 3010, 0, 1220, 3010, 0, 0, 0, 255
L 1210, 2980, 0, 1230, 3040, 0, 0, 0, 255
L 1190, 3040, 0, 1210, 2980, 0, 0, 0, 255
L 1280, 3040, 0, 1290, 2980, 0, 0, 0, 255
L 1270, 3010, 0, 1280, 3040, 0, 0, 0, 255
L 1260, 3040, 0, 1270, 3010, 0, 0, 0, 255
L 1250, 2980, 0, 1260, 3040, 0, 0, 0, 255
L 1340, 3040, 0, 1340, 2980, 0, 0, 0, 255
L 1310, 2980, 0, 1340, 3040, 0, 0, 0, 255
L 1310, 3040, 0, 1310, 2980, 0, 0, 0, 255
L 730, 3130, 0, 700, 3130, 0, 128, 128, 128
L 700, 3070, 0, 730, 3070, 0, 128, 128, 128
L 700, 3130, 0, 700, 3070, 0, 128, 128, 128
L 730, 3130, 0, 730, 3100, 0, 128, 128, 128
L 730, 3100, 0, 710, 3100, 0, 128, 128, 128
L 790, 3070, 0, 790, 3130, 0, 128, 128, 128
L 750, 3070, 0, 750, 3130, 0, 128, 128, 128
L 750, 3130, 0, 790, 3130, 0, 128, 128, 128
L 810, 3070, 0, 810, 3130, 0, 128, 128, 128
L 830, 3070, 0, 830, 3130, 0, 128, 128, 128
L 870, 3130, 0, 830, 3130, 0, 128, 128, 128
L 900, 3130, 0, 900, 3070, 0, 128, 128, 128
L 910, 3130, 0, 890, 3130, 0, 128, 128, 128
L 920, 3100, 0, 910, 3130, 0, 128, 128, 128
L 910, 3070, 0, 920, 3100, 0, 128, 128, 128
L 890, 3070, 0, 910, 3070, 0, 128, 128, 128
L 1040, 3070, 0, 1040, 3130, 0, 128, 128, 128
L 1020, 3100, 0, 1040, 3070, 0, 128, 128, 128
L 1000, 3070, 0, 1020, 3100, 0, 128, 128, 128
L 1000, 3130, 0, 1000, 3070, 0, 128, 128, 128
L 1070, 3100, 0, 1090, 3100, 0, 128, 128, 128
L 1080, 3070, 0, 1100, 3130, 0, 128, 128, 128
L 1060, 3130, 0, 1080, 3070, 0, 128, 128, 128
L 1120, 3070, 0, 1120, 3100, 0, 128, 128, 128
L 1120, 3130, 0, 1160, 3130, 0, 128, 128, 128
L 1160, 3100, 0, 1120, 3100, 0, 128, 128, 128
L 1120, 3070, 0, 1160, 3070, 0, 128, 128, 128
L 1160, 3100, 0, 1160, 3130, 0, 128, 128, 128
L 1200, 3070, 0, 1200, 3130, 0, 128, 128, 128
L 1180, 3070, 0, 1220, 3070, 0, 128, 128, 128
L 1240, 3100, 0, 1270, 3100, 0, 128, 128, 128
L 1240, 3130, 0, 1270, 3130, 0, 128, 128, 128
L 1240, 3070, 0, 1240, 3130, 0, 128, 128, 128
L 1270, 3070, 0, 1240, 3070, 0, 128, 128, 128
L 1290, 3070, 0, 1290, 3100, 0, 128, 128, 128
L 1290, 3100, 0, 1290, 3130, 0, 128, 128, 128
L 1290, 3100, 0, 1310, 3100, 0, 128, 128, 128
L 1330, 3100, 0, 1330, 3070, 0, 128, 128, 128
L 1290, 3070, 0, 1330, 3070, 0, 128, 128, 128
L 1310, 3100, 0, 1330, 3100, 0, 128, 128, 128
L 1330, 3130, 0, 1310, 3100, 0, 128, 128, 128
L 700, 3160, 0, 700, 3190, 0, 127, 64, 0
L 740, 3220, 0, 740, 3190, 0, 127, 64, 0
L 700, 3190, 0, 700, 3220, 0, 127, 64, 0
L 740, 3190, 0, 740, 3160, 0, 127, 64, 0
L 700, 3190, 0, 740, 3190, 0, 127, 64, 0
L 800, 3160, 0, 800, 3220, 0, 127, 64, 0
L 760, 3160, 0, 760, 3220, 0, 127, 64, 0
L 760, 3220, 0, 800, 3220, 0, 127, 64, 0
L 850, 3220, 0, 850, 3160, 0, 127, 64, 0
L 820, 3160, 0, 850, 3220, 0, 127, 64, 0
L 820, 3220, 0, 820, 3160, 0, 127, 64, 0
L 890, 3160, 0, 890, 3220, 0, 127, 64, 0
L 870, 3160, 0, 910, 3160, 0, 127, 64, 0
L 930, 3190, 0, 960, 3190, 0, 127, 64, 0
L 930, 3220, 0, 960, 3220, 0, 127, 64, 0
L 930, 3160, 0, 930, 3220, 0, 127, 64, 0
L 960, 3160, 0, 930, 3160, 0, 127, 64, 0
L 980, 3160, 0, 980, 3190, 0, 127, 64, 0
L 980, 3190, 0, 980, 3220, 0, 127, 64, 0
L 980, 3190, 0, 1000, 3190, 0, 127, 64, 0
L 1020, 3190, 0, 1020, 3160, 0, 127, 64, 0
L 980, 3160, 0, 1020, 3160, 0, 127, 64, 0
L 1000, 3190, 0, 1020, 3190, 0, 127, 64, 0
L 1020, 3220, 0, 1000, 3190, 0, 127, 64, 0
L 740, 3250, 0, 740, 3310, 0, 0, 127, 0
L 720, 3280, 0, 740, 3250, 0, 0, 127, 0
L 700, 3250, 0, 720, 3280, 0, 0, 127, 0
L 700, 3310, 0, 700, 3250, 0, 0, 127, 0
L 760, 3280, 0, 790, 3280, 0, 0, 127, 0
L 760, 3310, 0, 790, 3310, 0, 0, 127, 0
L 760, 3250, 0, 760, 3310, 0, 0, 127, 0
L 790, 3250, 0, 760, 3250, 0, 0, 127, 0
L 810, 3250, 0, 810, 3280, 0, 0, 127, 0
L 810, 3280, 0, 810, 3310, 0, 0, 127, 0
L 810, 3280, 0, 830, 3280, 0, 0, 127, 0
L 850, 3280, 0, 850, 3250, 0, 0, 127, 0
L 810, 3250, 0, 850, 3250, 0, 0, 127, 0
L 830, 3280, 0, 850, 3280, 0, 0, 127, 0
L 850, 3310, 0, 830, 3280, 0, 0, 127, 0
L 900, 3310, 0, 870, 3310, 0, 0, 127, 0
L 870, 3250, 0, 900, 3250, 0, 0, 127, 0
L 870, 3310, 0, 870, 3250, 0, 0, 127, 0
L 920, 3250, 0, 920, 3280, 0, 0, 127, 0
L 960, 3310, 0, 960, 3280, 0, 0, 127, 0
L 920, 3280, 0, 920, 3310, 0, 0, 127, 0
L 960, 3280, 0, 960, 3250, 0, 0, 127, 0
L 920, 3280, 0, 960, 3280, 0, 0, 127, 0
L 990, 3280, 0, 1010, 3280, 0, 0, 127, 0
L 1000, 3250, 0, 1020, 3310, 0, 0, 127, 0
L 980, 3310, 0, 1000, 3250, 0, 0, 127, 0
L 1070, 3310, 0, 1070, 3250, 0, 0, 127, 0
L 1040, 3250, 0, 1070, 3310, 0, 0, 127, 0
L 1040, 3310, 0, 1040, 3250, 0, 0, 127, 0
L 1110, 3250, 0, 1110, 3310, 0, 0, 127, 0
L 1090, 3250, 0, 1130, 3250, 0, 0, 127, 0
L 740, 3340, 0, 740, 3400, 0, 0, 127, 127
L 720, 3370, 0, 740, 3340, 0, 0, 127, 127
L 700, 3340, 0, 720, 3370, 0, 0, 127, 127
L 700, 3400, 0, 700, 3340, 0, 0, 127, 127
L 760, 3340, 0, 760, 3400, 0, 0, 127, 127
L 780, 3340, 0, 780, 3370, 0, 0, 127, 127
L 780, 3400, 0, 820, 3400, 0, 0, 127, 127
L 820, 3370, 0, 780, 3370, 0, 0, 127, 127
L 780, 3340, 0, 820, 3340, 0, 0, 127, 127
L 820, 3370, 0, 820, 3400, 0, 0, 127, 127
L 840, 3340, 0, 840, 3370, 0, 0, 127, 127
L 840, 3400, 0, 880, 3400, 0, 0, 127, 127
L 880, 3370, 0, 840, 3370, 0, 0, 127, 127
L 840, 3340, 0, 880, 3340, 0, 0, 127, 127
L 880, 3370, 0, 880, 3400, 0, 0, 127, 127
L 900, 3340, 0, 900, 3400, 0, 0, 127, 127
L 920, 3340, 0, 950, 3340, 0, 0, 127, 127
L 920, 3400, 0, 950, 3400, 0, 0, 127, 127
L 920, 3340, 0, 920, 3400, 0, 0, 127, 127
L 950, 3340, 0, 950, 3400, 0, 0, 127, 127
L 1000, 3400, 0, 1000, 3340, 0, 0, 127, 127
L 970, 3340, 0, 1000, 3400, 0, 0, 127, 127
L 970, 3400, 0, 970, 3340, 0, 0, 127, 127
L 730, 3490, 0, 730, 3430, 0, 127, 64, 0
L 700, 3430, 0, 730, 3490, 0, 127, 64, 0
L 700, 3490, 0, 700, 3430, 0, 127, 64, 0
L 760, 3460, 0, 780, 3460, 0, 127, 64, 0
L 770, 3430, 0, 790, 3490, 0, 127, 64, 0
L 750, 3490, 0, 770, 3430, 0, 127, 64, 0
L 850, 3430, 0, 850, 3490, 0, 127, 64, 0
L 830, 3460, 0, 850, 3430, 0, 127, 64, 0
L 810, 3430, 0, 830, 3460, 0, 127, 64, 0
L 810, 3490, 0, 810, 3430, 0, 127, 64, 0
L 870, 3460, 0, 900, 3460, 0, 127, 64, 0
L 870, 3490, 0, 900, 3490, 0, 127, 64, 0
L 870, 3430, 0, 870, 3490, 0, 127, 64, 0
L 900, 3430, 0, 870, 3430, 0, 127, 64, 0
L 930, 3490, 0, 930, 3430, 0, 127, 64, 0
L 940, 3490, 0, 920, 3490, 0, 127, 64, 0
L 950, 3460, 0, 940, 3490, 0, 127, 64, 0
L 940, 3430, 0, 950, 3460, 0, 127, 64, 0
L 920, 3430, 0, 940, 3430, 0, 127, 64, 0
L 730, 3550, 0, 700, 3550, 0, 0, 255, 0
L 730, 3520, 0, 730, 3550, 0, 0, 255, 0
L 700, 3520, 0, 730, 3520, 0, 0, 255, 0
L 700, 3580, 0, 700, 3520, 0, 0, 255, 0
L 760, 3550, 0, 780, 3550, 0, 0, 255, 0
L 770, 3520, 0, 790, 3580, 0, 0, 255, 0
L 750, 3580, 0, 770, 3520, 0, 0, 255, 0
L 810, 3520, 0, 810, 3550, 0, 0, 255, 0
L 810, 3550, 0, 810, 3580, 0, 0, 255, 0
L 810, 3550, 0, 830, 3550, 0, 0, 255, 0
L 850, 3550, 0, 850, 3520, 0, 0, 255, 0
L 810, 3520, 0, 850, 3520, 0, 0, 255, 0
L 830, 3550, 0, 850, 3550, 0, 0, 255, 0
L 850, 3580, 0, 830, 3550, 0, 0, 255, 0
L 900, 3580, 0, 870, 3580, 0, 0, 255, 0
L 870, 3520, 0, 900, 3520, 0, 0, 255, 0
L 870, 3580, 0, 870, 3520, 0, 0, 255, 0
L 920, 3550, 0, 950, 3550, 0, 0, 255, 0
L 920, 3580, 0, 950, 3580, 0, 0, 255, 0
L 920, 3520, 0, 920, 3580, 0, 0, 255, 0
L 950, 3520, 0, 920, 3520, 0, 0, 255, 0
L 970, 3520, 0, 970, 3580, 0, 0, 255, 0
L 1010, 3580, 0, 970, 3580, 0, 0, 255, 0
L 1030, 3520, 0, 1030, 3550, 0, 0, 255, 0
L 1030, 3580, 0, 1070, 3580, 0, 0, 255, 0
L 1070, 3550, 0, 1030, 3550, 0, 0, 255, 0
L 1030, 3520, 0, 1070, 3520, 0, 0, 255, 0
L 1070, 3550, 0, 1070, 3580, 0, 0, 255, 0
L 700, 3610, 0, 700, 3640, 0, 0, 240, 240
L 700, 3640, 0, 700, 3670, 0, 0, 240, 240
L 700, 3640, 0, 720, 3640, 0, 0, 240, 240
L 740, 3640, 0, 740, 3610, 0, 0, 240, 240
L 700, 3610, 0, 740, 3610, 0, 0, 240, 240
L 720, 3640, 0, 740, 3640, 0, 0, 240, 240
L 740, 3670, 0, 720, 3640, 0, 0, 240, 240
L 770, 3640, 0, 790, 3640, 0, 0, 240, 240
L 780, 3610, 0, 800, 3670, 0, 0, 240, 240
L 760, 3670, 0, 780, 3610, 0, 0, 240, 240
L 820, 3610, 0, 820, 3670, 0, 0, 240, 240
L 850, 3670, 0, 850, 3610, 0, 0, 240, 240
L 860, 3670, 0, 840, 3670, 0, 0, 240, 240
L 870, 3640, 0, 860, 3670, 0, 0, 240, 240
L 860, 3610, 0, 870, 3640, 0, 0, 240, 240
L 840, 3610, 0, 860, 3610, 0, 0, 240, 240
L 700, 3700, 0, 700, 3730, 0, 0, 255, 0
L 700, 3760, 0, 740, 3760, 0, 0, 255, 0
L 740, 3730, 0, 700, 3730, 0, 0, 255, 0
L 700, 3700, 0, 740, 3700, 0, 0, 255, 0
L 740, 3730, 0, 740, 3760, 0, 0, 255, 0
L 790, 3730, 0, 760, 3730, 0, 0, 255, 0
L 790, 3700, 0, 790, 3730, 0, 0, 255, 0
L 760, 3700, 0, 790, 3700, 0, 0, 255, 0
L 760, 3760, 0, 760, 3700, 0, 0, 255, 0
L 810, 3730, 0, 840, 3730, 0, 0, 255, 0
L 810, 3760, 0, 840, 3760, 0, 0, 255, 0
L 810, 3700, 0, 810, 3760, 0, 0, 255, 0
L 840, 3700, 0, 810, 3700, 0, 0, 255, 0
L 890, 3760, 0, 860, 3760, 0, 0, 255, 0
L 860, 3700, 0, 890, 3700, 0, 0, 255, 0
L 860, 3760, 0, 860, 3700, 0, 0, 255, 0
L 910, 3700, 0, 910, 3760, 0, 0, 255, 0
L 940, 3730, 0, 960, 3730, 0, 0, 255, 0
L 950, 3700, 0, 970, 3760, 0, 0, 255, 0
L 930, 3760, 0, 950, 3700, 0, 0, 255, 0
L 990, 3700, 0, 990, 3760, 0, 0, 255, 0
L 1030, 3760, 0, 990, 3760, 0, 0, 255, 0
L 1140, 3760, 0, 1110, 3760, 0, 0, 255, 0
L 1110, 3700, 0, 1140, 3700, 0, 0, 255, 0
L 1110, 3760, 0, 1110, 3700, 0, 0, 255, 0
L 1200, 3700, 0, 1200, 3760, 0, 0, 255, 0
L 1160, 3700, 0, 1160, 3760, 0, 0, 255, 0
L 1160, 3760, 0, 1200, 3760, 0, 0, 255, 0
L 1220, 3700, 0, 1220, 3730, 0, 0, 255, 0
L 1220, 3730, 0, 1220, 3760, 0, 0, 255, 0
L 1220, 3730, 0, 1240, 3730, 0, 0, 255, 0
L 1260, 3730, 0, 1260, 3700, 0, 0, 255, 0
L 1220, 3700, 0, 1260, 3700, 0, 0, 255, 0
L 1240, 3730, 0, 1260, 3730, 0, 0, 255, 0
L 1260, 3760, 0, 1240, 3730, 0, 0, 255, 0
L 1280, 3700, 0, 1280, 3730, 0, 0, 255, 0
L 1280, 3730, 0, 1280, 3760, 0, 0, 255, 0
L 1280, 3730, 0, 1300, 3730, 0, 0, 255, 0
L 1320, 3730, 0, 1320, 3700, 0, 0, 255, 0
L 1280, 3700, 0, 1320, 3700, 0, 0, 255, 0
L 1300, 3730, 0, 1320, 3730, 0, 0, 255, 0
L 1320, 3760, 0, 1300, 3730, 0, 0, 255, 0
L 1340, 3730, 0, 1370, 3730, 0, 0, 255, 0
L 1340, 3760, 0, 1370, 3760, 0, 0, 255, 0
L 1340, 3700, 0, 1340, 3760, 0, 0, 255, 0
L 1370, 3700, 0, 1340, 3700, 0, 0, 255, 0
L 1420, 3760, 0, 1420, 3700, 0, 0, 255, 0
L 1390, 3700, 0, 1420, 3760, 0, 0, 255, 0
L 1390, 3760, 0, 1390, 3700, 0, 0, 255, 0
L 1470, 3760, 0, 1440, 3760, 0, 0, 255, 0
L 1440, 3700, 0, 1470, 3700, 0, 0, 255, 0
L 1440, 3760, 0, 1440, 3700, 0, 0, 255, 0
L 1510, 3730, 0, 1510, 3760, 0, 0, 255, 0
L 1510, 3730, 0, 1530, 3700, 0, 0, 255, 0
L 1490, 3700, 0, 1510, 3730, 0, 0, 255, 0
L 700, 3790, 0, 700, 3820, 0, 255, 0, 0
L 700, 3850, 0, 740, 3850, 0, 255, 0, 0
L 740, 3820, 0, 700, 3820, 0, 255, 0, 0
L 700, 3790, 0, 740, 3790, 0, 255, 0, 0
L 740, 3820, 0, 740, 3850, 0, 255, 0, 0
L 800, 3790, 0, 800, 3850, 0, 255, 0, 0
L 760, 3790, 0, 760, 3850, 0, 255, 0, 0
L 760, 3850, 0, 800, 3850, 0, 255, 0, 0
L 850, 3850, 0, 820, 3850, 0, 255, 0, 0
L 820, 3790, 0, 850, 3790, 0, 255, 0, 0
L 820, 3850, 0, 820, 3790, 0, 255, 0, 0
L 900, 3850, 0, 870, 3850, 0, 255, 0, 0
L 870, 3790, 0, 900, 3790, 0, 255, 0, 0
L 870, 3850, 0, 870, 3790, 0, 255, 0, 0
L 920, 3790, 0, 950, 3790, 0, 255, 0, 0
L 920, 3850, 0, 950, 3850, 0, 255, 0, 0
L 920, 3790, 0, 920, 3850, 0, 255, 0, 0
L 950, 3790, 0, 950, 3850, 0, 255, 0, 0
L 970, 3790, 0, 970, 3820, 0, 255, 0, 0
L 970, 3820, 0, 970, 3850, 0, 255, 0, 0
L 970, 3820, 0, 990, 3820, 0, 255, 0, 0
L 1010, 3820, 0, 1010, 3790, 0, 255, 0, 0
L 970, 3790, 0, 1010, 3790, 0, 255, 0, 0
L 990, 3820, 0, 1010, 3820, 0, 255, 0, 0
L 1010, 3850, 0, 990, 3820, 0, 255, 0, 0
L 720, 3880, 0, 720, 3940, 0, 255, 255, 0
L 700, 3880, 0, 740, 3880, 0, 255, 255, 0
L 760, 3910, 0, 790, 3910, 0, 255, 255, 0
L 760, 3940, 0, 790, 3940, 0, 255, 255, 0
L 760, 3880, 0, 760, 3940, 0, 255, 255, 0
L 790, 3880, 0, 760, 3880, 0, 255, 255, 0
L 810, 3880, 0, 810, 3940, 0, 255, 255, 0
L 850, 3940, 0, 810, 3940, 0, 255, 255, 0
L 870, 3910, 0, 900, 3910, 0, 255, 255, 0
L 870, 3940, 0, 900, 3940, 0, 255, 255, 0
L 870, 3880, 0, 870, 3940, 0, 255, 255, 0
L 900, 3880, 0, 870, 3880, 0, 255, 255, 0
L 950, 3910, 0, 920, 3910, 0, 255, 255, 0
L 950, 3880, 0, 950, 3910, 0, 255, 255, 0
L 920, 3880, 0, 950, 3880, 0, 255, 255, 0
L 920, 3940, 0, 920, 3880, 0, 255, 255, 0
L 970, 3880, 0, 1000, 3880, 0, 255, 255, 0
L 970, 3940, 0, 1000, 3940, 0, 255, 255, 0
L 970, 3880, 0, 970, 3940, 0, 255, 255, 0
L 1000, 3880, 0, 1000, 3940, 0, 255, 255, 0
L 1020, 3880, 0, 1020, 3910, 0, 255, 255, 0
L 1020, 3910, 0, 1020, 3940, 0, 255, 255, 0
L 1020, 3910, 0, 1040, 3910, 0, 255, 255, 0
L 1060, 3910, 0, 1060, 3880, 0, 255, 255, 0
L 1020, 3880, 0, 1060, 3880, 0, 255, 255, 0
L 1040, 3910, 0, 1060, 3910, 0, 255, 255, 0
L 1060, 3940, 0, 1040, 3910, 0, 255, 255, 0
L 1100, 3880, 0, 1100, 3940, 0, 255, 255, 0
L 1080, 3880, 0, 1120, 3880, 0, 255, 255, 0
L 720, 3970, 0, 720, 4030, 0, 128, 0, 128
L 700, 3970, 0, 740, 3970, 0, 128, 0, 128
L 760, 3970, 0, 760, 4000, 0, 128, 0, 128
L 760, 4000, 0, 760, 4030, 0, 128, 0, 128
L 760, 4000, 0, 780, 4000, 0, 128, 0, 128
L 800, 4000, 0, 800, 3970, 0, 128, 0, 128
L 760, 3970, 0, 800, 3970, 0, 128, 0, 128
L 780, 4000, 0, 800, 4000, 0, 128, 0, 128
L 800, 4030, 0, 780, 4000, 0, 128, 0, 128
L 830, 4000, 0, 850, 4000, 0, 128, 0, 128
L 840, 3970, 0, 860, 4030, 0, 128, 0, 128
L 820, 4030, 0, 840, 3970, 0, 128, 0, 128
L 890, 4030, 0, 890, 3970, 0, 128, 0, 128
L 900, 4030, 0, 880, 4030, 0, 128, 0, 128
L 910, 4000, 0, 900, 4030, 0, 128, 0, 128
L 900, 3970, 0, 910, 4000, 0, 128, 0, 128
L 880, 3970, 0, 900, 3970, 0, 128, 0, 128
L 930, 4000, 0, 960, 4000, 0, 128, 0, 128
L 930, 4030, 0, 960, 4030, 0, 128, 0, 128
L 930, 3970, 0, 930, 4030, 0, 128, 0, 128
L 960, 3970, 0, 930, 3970, 0, 128, 0, 128
L 980, 3970, 0, 980, 4000, 0, 128, 0, 128
L 980, 4030, 0, 1020, 4030, 0, 128, 0, 128
L 1020, 4000, 0, 980, 4000, 0, 128, 0, 128
L 980, 3970, 0, 1020, 3970, 0, 128, 0, 128
L 1020, 4000, 0, 1020, 4030, 0, 128, 0, 128
L 1040, 3970, 0, 1040, 4000, 0, 128, 0, 128
L 1040, 4000, 0, 1040, 4030, 0, 128, 0, 128
L 1040, 4000, 0, 1080, 4030, 0, 128, 0, 128
L 1040, 4000, 0, 1080, 3970, 0, 128, 0, 128
L 1100, 3970, 0, 1100, 4030, 0, 128, 0, 128
L 1120, 3970, 0, 1120, 4030, 0, 128, 0, 128
L 1160, 4030, 0, 1120, 4030, 0, 128, 0, 128
L 1180, 3970, 0, 1180, 4030, 0, 128, 0, 128
L 1220, 4030, 0, 1180, 4030, 0, 128, 0, 128
L 1330, 4030, 0, 1300, 4030, 0, 128, 0, 128
L 1300, 3970, 0, 1330, 3970, 0, 128, 0, 128
L 1300, 4030, 0, 1300, 3970, 0, 128, 0, 128
L 1350, 3970, 0, 1380, 3970, 0, 128, 0, 128
L 1350, 4030, 0, 1380, 4030, 0, 128, 0, 128
L 1350, 3970, 0, 1350, 4030, 0, 128, 0, 128
L 1380, 3970, 0, 1380, 4030, 0, 128, 0, 128
L 1430, 4030, 0, 1430, 3970, 0, 128, 0, 128
L 1400, 3970, 0, 1430, 4030, 0, 128, 0, 128
L 1400, 4030, 0, 1400, 3970, 0, 128, 0, 128
L 1470, 3970, 0, 1470, 4030, 0, 128, 0, 128
L 1450, 3970, 0, 1490, 3970, 0, 128, 0, 128
L 1520, 4000, 0, 1540, 4000, 0, 128, 0, 128
L 1530, 3970, 0, 1550, 4030, 0, 128, 0, 128
L 1510, 4030, 0, 1530, 3970, 0, 128, 0, 128
L 1570, 3970, 0, 1570, 4030, 0, 128, 0, 128
L 1620, 4030, 0, 1620, 3970, 0, 128, 0, 128
L 1590, 3970, 0, 1620, 4030, 0, 128, 0, 128
L 1590, 4030, 0, 1590, 3970, 0, 128, 0, 128
L 1640, 4000, 0, 1670, 4000, 0, 128, 0, 128
L 1640, 4030, 0, 1670, 4030, 0, 128, 0, 128
L 1640, 3970, 0, 1640, 4030, 0, 128, 0, 128
L 1670, 3970, 0, 1640, 3970, 0, 128, 0, 128
L 1690, 3970, 0, 1690, 4000, 0, 128, 0, 128
L 1690, 4000, 0, 1690, 4030, 0, 128, 0, 128
L 1690, 4000, 0, 1710, 4000, 0, 128, 0, 128
L 1730, 4000, 0, 1730, 3970, 0, 128, 0, 128
L 1690, 3970, 0, 1730, 3970, 0, 128, 0, 128
L 1710, 4000, 0, 1730, 4000, 0, 128, 0, 128
L 1730, 4030, 0, 1710, 4000, 0, 128, 0, 128
L 720, 4060, 0, 720, 4120, 0, 255, 255, 0
L 700, 4060, 0, 740, 4060, 0, 255, 255, 0
L 760, 4060, 0, 760, 4090, 0, 255, 255, 0
L 760, 4090, 0, 760, 4120, 0, 255, 255, 0
L 760, 4090, 0, 780, 4090, 0, 255, 255, 0
L 800, 4090, 0, 800, 4060, 0, 255, 255, 0
L 760, 4060, 0, 800, 4060, 0, 255, 255, 0
L 780, 4090, 0, 800, 4090, 0, 255, 255, 0
L 800, 4120, 0, 780, 4090, 0, 255, 255, 0
L 830, 4090, 0, 850, 4090, 0, 255, 255, 0
L 840, 4060, 0, 860, 4120, 0, 255, 255, 0
L 820, 4120, 0, 840, 4060, 0, 255, 255, 0
L 910, 4090, 0, 880, 4090, 0, 255, 255, 0
L 910, 4060, 0, 910, 4090, 0, 255, 255, 0
L 880, 4060, 0, 910, 4060, 0, 255, 255, 0
L 880, 4120, 0, 880, 4060, 0, 255, 255, 0
L 730, 4150, 0, 700, 4150, 0, 255, 0, 0
L 700, 4210, 0, 730, 4150, 0, 255, 0, 0
L 700, 4210, 0, 730, 4210, 0, 255, 0, 0
L 750, 4150, 0, 780, 4150, 0, 255, 0, 0
L 750, 4210, 0, 780, 4210, 0, 255, 0, 0
L 750, 4150, 0, 750, 4210, 0, 255, 0, 0
L 780, 4150, 0, 780, 4210, 0, 255, 0, 0
L 830, 4210, 0, 830, 4150, 0, 255, 0, 0
L 800, 4150, 0, 830, 4210, 0, 255, 0, 0
L 800, 4210, 0, 800, 4150, 0, 255, 0, 0
L 850, 4180, 0, 880, 4180, 0, 255, 0, 0
L 850, 4210, 0, 880, 4210, 0, 255, 0, 0
L 850, 4150, 0, 850, 4210, 0, 255, 0, 0
L 880, 4150, 0, 850, 4150, 0, 255, 0, 0
P -300, 2500, 0, 0, 0, 0, 2, Revised_Map:_Brewall_Rainsiger_(Cazic-Thule)
P -300, 2700, 0, 0, 0, 0, 2, http://www.eqmaps.info
P -300, 2900, 0, 0, 0, 0, 2, Return_of_the_Exiled_(www.roteguild.org)
P -300, 3100, 0, 127, 64, 0, 2, an_ancient_treant
P -300, 3300, 0, 127, 64, 0, 2, Elishia_Blackguard
P -300, 3500, 0, 127, 64, 0, 2, FierceWind
P -300, 3700, 0, 127, 64, 0, 2, GoldenTalon
P -300, 3900, 0, 127, 64, 0, 2, a_great_kodiak
P -300, 4100, 0, 127, 64, 0, 2, Jerg_Oakenfist
P -300, 4300, 0, 127, 64, 0, 2, Lameriae_the_Alluring
P -300, 4500, 0, 127, 64, 0, 2, Myraphe_the_Pure
P -300, 4700, 0, 127, 64, 0, 2, Potamide_Dame
P -300, 4900, 0, 127, 64, 0, 2, Potameid_Matriarch
P -300, 5100, 0, 127, 64, 0, 2, Potameid_Matron
P -300, 5300, 0, 127, 64, 0, 2, Reynold_Blackguard
P -300, 5500, 0, 127, 64, 0, 2, a_savage_pinewolf
P -300, 5700, 0, 127, 64, 0, 2, StormClaw
P -300, 5900, 0, 127, 64, 0, 2, Vaurien_Sticklebush
P -300, 6100, 0, 127, 64, 0, 2, Zed_Sticklebush
