L 1147.0, -2140.0, 0.0, 1187.0, -2163.0, 0.0, 0, 0, 0
L 1109.0, -2125.0, 0.0, 1147.0, -2140.0, 0.0, 0, 0, 0
L 1097.0, -2100.0, 0.0, 1109.0, -2125.0, 0.0, 0, 0, 0
L 1110.0, -2056.0, 0.0, 1097.0, -2100.0, 0.0, 0, 0, 0
L 1117.0, -2007.0, -1.0, 1110.0, -2056.0, 0.0, 0, 0, 0
L 1117.0, -1970.0, -3.0, 1117.0, -2007.0, -1.0, 0, 0, 0
L 1060.0, -1965.0, 15.0, 1117.0, -1970.0, -3.0, 0, 0, 0
L 2133.0, -940.0, -4.0, 2161.0, -915.0, -1.0, 0, 0, 0
L -1639.0, 529.0, -4.0, -1637.0, 531.0, -4.0, 0, 0, 0
L -1640.0, 516.0, -4.0, -1639.0, 529.0, -4.0, 0, 0, 0
L -1632.0, 505.0, -4.0, -1640.0, 516.0, -4.0, 0, 0, 0
L -1618.0, 504.0, -4.0, -1632.0, 505.0, -4.0, 0, 0, 0
L -1608.0, 512.0, -4.0, -1618.0, 504.0, -4.0, 0, 0, 0
L -1606.0, 525.0, -4.0, -1608.0, 512.0, -4.0, 0, 0, 0
L -1614.0, 536.0, -4.0, -1606.0, 525.0, -4.0, 0, 0, 0
L -1628.0, 538.0, -4.0, -1614.0, 536.0, -4.0, 0, 0, 0
L -1629.0, 537.0, -4.0, -1628.0, 538.0, -4.0, 0, 0, 0
L -1682.0, 542.0, -4.0, -1680.0, 542.0, -4.0, 0, 0, 0
L -1693.0, 535.0, -4.0, -1682.0, 542.0, -4.0, 0, 0, 0
L -1696.0, 522.0, -4.0, -1693.0, 535.0, -4.0, 0, 0, 0
L -1688.0, 510.0, -4.0, -1696.0, 522.0, -4.0, 0, 0, 0
L -1675.0, 507.0, -4.0, -1688.0, 510.0, -4.0, 0, 0, 0
L -1664.0, 515.0, -4.0, -1675.0, 507.0, -4.0, 0, 0, 0
L -1661.0, 528.0, -4.0, -1664.0, 515.0, -4.0, 0, 0, 0
L -1668.0, 539.0, -4.0, -1661.0, 528.0, -4.0, 0, 0, 0
L -1670.0, 540.0, -4.0, -1668.0, 539.0, -4.0, 0, 0, 0
L -1683.0, 590.0, -4.0, -1684.0, 588.0, -4.0, 0, 0, 0
L -1685.0, 603.0, -4.0, -1683.0, 590.0, -4.0, 0, 0, 0
L -1695.0, 612.0, -4.0, -1685.0, 603.0, -4.0, 0, 0, 0
L -1709.0, 610.0, -4.0, -1695.0, 612.0, -4.0, 0, 0, 0
L -1717.0, 599.0, -4.0, -1709.0, 610.0, -4.0, 0, 0, 0
L -1716.0, 586.0, -4.0, -1717.0, 599.0, -4.0, 0, 0, 0
L -1705.0, 578.0, -4.0, -1716.0, 586.0, -4.0, 0, 0, 0
L -1692.0, 579.0, -4.0, -1705.0, 578.0, -4.0, 0, 0, 0
L -1691.0, 581.0, -4.0, -1692.0, 579.0, -4.0, 0, 0, 0
L -1114.0, 907.0, -4.0, -1115.0, 903.0, -4.0, 0, 0, 0
L -1096.0, 907.0, -4.0, -1114.0, 907.0, -4.0, 0, 0, 0
L -1096.0, 889.0, -5.0, -1096.0, 907.0, -4.0, 0, 0, 0
L -1114.0, 889.0, -4.0, -1096.0, 889.0, -5.0, 0, 0, 0
L -1114.0, 893.0, -4.0, -1114.0, 889.0, -4.0, 0, 0, 0
L -1177.0, 894.0, -4.0, -1176.0, 897.0, -4.0, 0, 0, 0
L -1195.0, 899.0, -4.0, -1177.0, 894.0, -4.0, 0, 0, 0
L -1190.0, 917.0, -4.0, -1195.0, 899.0, -4.0, 0, 0, 0
L -1172.0, 911.0, -4.0, -1190.0, 917.0, -4.0, 0, 0, 0
L -1173.0, 908.0, -4.0, -1172.0, 911.0, -4.0, 0, 0, 0
L 1821.0, 330.0, 21.0, 1829.0, 330.0, 21.0, 0, 0, 0
L 1821.0, 322.0, 21.0, 1821.0, 330.0, 21.0, 0, 0, 0
L 1829.0, 322.0, 21.0, 1821.0, 322.0, 21.0, 0, 0, 0
L 1829.0, 330.0, 21.0, 1829.0, 322.0, 21.0, 0, 0, 0
L 1829.0, 385.0, 21.0, 1829.0, 377.0, 21.0, 0, 0, 0
L 1820.0, 385.0, 21.0, 1829.0, 385.0, 21.0, 0, 0, 0
L 1829.0, 377.0, 21.0, 1820.0, 377.0, 21.0, 0, 0, 0
L 1821.0, 302.0, -4.0, 1841.0, 314.0, -4.0, 150, 150, 150
L 1771.0, 315.0, -4.0, 1821.0, 302.0, -4.0, 150, 150, 150
L 1771.0, 393.0, -4.0, 1771.0, 315.0, -4.0, 150, 150, 150
L 1799.0, 393.0, -4.0, 1771.0, 393.0, -4.0, 150, 150, 150
L 1821.0, 405.0, -4.0, 1799.0, 393.0, -4.0, 150, 150, 150
L 1850.0, 405.0, -4.0, 1821.0, 405.0, -4.0, 150, 150, 150
L 1871.0, 392.0, -4.0, 1850.0, 405.0, -4.0, 150, 150, 150
L 1871.0, 314.0, -4.0, 1871.0, 392.0, -4.0, 150, 150, 150
L 1841.0, 314.0, -4.0, 1871.0, 314.0, -4.0, 150, 150, 150
L 1972.0, 609.0, 52.0, 1970.0, 945.0, 70.0, 0, 0, 0
L 1970.0, 945.0, 70.0, -3128.0, 939.0, 30.0, 0, 0, 0
L -3437.0, 939.0, 16.0, -3902.0, 938.0, 51.0, 0, 0, 0
L -3902.0, 938.0, 51.0, -3935.0, 938.0, 69.0, 0, 0, 0
L -3935.0, 938.0, 69.0, -3930.0, -1046.0, 41.0, 0, 0, 0
L -3930.0, -1046.0, 41.0, -3929.0, -1962.0, 69.0, 0, 0, 0
L -3929.0, -1962.0, 69.0, -3379.0, -1962.0, 38.0, 0, 0, 0
L -3379.0, -1962.0, 38.0, 1060.0, -1965.0, 15.0, 0, 0, 0
L 1248.0, -1968.0, 15.0, 1978.0, -1962.0, 75.0, 0, 0, 0
L 1978.0, -1962.0, 75.0, 1984.0, -1221.0, 50.0, 0, 0, 0
L 1983.0, -1064.0, 64.0, 1972.0, 609.0, 52.0, 0, 0, 0
L -1259.0, 257.0, -4.0, -1262.0, 257.0, -4.0, 0, 0, 0
L -1262.0, 257.0, -4.0, -1270.0, 249.0, -4.0, 0, 0, 0
L -1270.0, 249.0, -4.0, -1270.0, 237.0, -4.0, 0, 0, 0
L -1270.0, 237.0, -4.0, -1262.0, 230.0, -4.0, 0, 0, 0
L -1262.0, 230.0, -4.0, -1251.0, 230.0, -4.0, 0, 0, 0
L -1251.0, 230.0, -4.0, -1243.0, 238.0, -4.0, 0, 0, 0
L -1243.0, 238.0, -4.0, -1243.0, 249.0, -4.0, 0, 0, 0
L -1243.0, 249.0, -4.0, -1251.0, 257.0, -4.0, 0, 0, 0
L -1251.0, 257.0, -4.0, -1254.0, 257.0, -4.0, 0, 0, 0
L -1254.0, 257.0, -4.0, -1254.0, 258.0, -4.0, 0, 0, 0
L -1254.0, 258.0, -4.0, -1250.0, 258.0, -4.0, 0, 0, 0
L -1250.0, 258.0, -4.0, -1241.0, 249.0, -4.0, 0, 0, 0
L -1241.0, 249.0, -4.0, -1241.0, 237.0, -4.0, 0, 0, 0
L -1241.0, 237.0, -4.0, -1250.0, 228.0, -4.0, 0, 0, 0
L -1250.0, 228.0, -4.0, -1262.0, 228.0, -4.0, 0, 0, 0
L -1262.0, 228.0, -4.0, -1271.0, 237.0, -4.0, 0, 0, 0
L -1271.0, 237.0, -4.0, -1271.0, 250.0, -4.0, 0, 0, 0
L -1271.0, 250.0, -4.0, -1262.0, 258.0, -4.0, 0, 0, 0
L -1262.0, 258.0, -4.0, -1259.0, 258.0, -4.0, 0, 0, 0
L -1259.0, 258.0, -4.0, -1259.0, 257.0, -4.0, 0, 0, 0
L -1261.0, 302.0, -4.0, -1264.0, 302.0, -4.0, 0, 0, 0
L -1264.0, 302.0, -4.0, -1272.0, 310.0, -4.0, 0, 0, 0
L -1272.0, 310.0, -4.0, -1272.0, 321.0, -4.0, 0, 0, 0
L -1272.0, 321.0, -4.0, -1264.0, 329.0, -4.0, 0, 0, 0
L -1264.0, 329.0, -4.0, -1261.0, 329.0, -4.0, 0, 0, 0
L -1261.0, 329.0, -4.0, -1261.0, 330.0, -4.0, 0, 0, 0
L -1261.0, 330.0, -4.0, -1264.0, 330.0, -4.0, 0, 0, 0
L -1264.0, 330.0, -4.0, -1272.0, 338.0, -4.0, 0, 0, 0
L -1272.0, 338.0, -4.0, -1272.0, 350.0, -4.0, 0, 0, 0
L -1272.0, 350.0, -4.0, -1264.0, 358.0, -4.0, 0, 0, 0
L -1264.0, 358.0, -4.0, -1264.0, 360.0, -4.0, 0, 0, 0
L -1264.0, 360.0, -4.0, -1264.0, 372.0, -4.0, 0, 0, 0
L -1264.0, 372.0, -4.0, -1253.0, 372.0, -4.0, 0, 0, 0
L -1253.0, 372.0, -4.0, -1253.0, 358.0, -4.0, 0, 0, 0
L -1253.0, 358.0, -4.0, -1245.0, 349.0, -4.0, 0, 0, 0
L -1245.0, 349.0, -4.0, -1245.0, 338.0, -4.0, 0, 0, 0
L -1245.0, 338.0, -4.0, -1253.0, 330.0, -4.0, 0, 0, 0
L -1253.0, 330.0, -4.0, -1256.0, 330.0, -4.0, 0, 0, 0
L -1256.0, 330.0, -4.0, -1256.0, 329.0, -4.0, 0, 0, 0
L -1256.0, 329.0, -4.0, -1253.0, 329.0, -4.0, 0, 0, 0
L -1253.0, 329.0, -4.0, -1245.0, 321.0, -4.0, 0, 0, 0
L -1245.0, 321.0, -4.0, -1245.0, 310.0, -4.0, 0, 0, 0
L -1245.0, 310.0, -4.0, -1253.0, 302.0, -4.0, 0, 0, 0
L -1253.0, 302.0, -4.0, -1256.0, 302.0, -4.0, 0, 0, 0
L -1256.0, 302.0, -4.0, -1256.0, 300.0, -4.0, 0, 0, 0
L -1256.0, 300.0, -4.0, -1252.0, 300.0, -4.0, 0, 0, 0
L -1252.0, 300.0, -4.0, -1243.0, 309.0, -4.0, 0, 0, 0
L -1243.0, 309.0, -4.0, -1243.0, 321.0, -4.0, 0, 0, 0
L -1243.0, 321.0, -4.0, -1251.0, 330.0, -4.0, 0, 0, 0
L -1251.0, 330.0, -4.0, -1243.0, 338.0, -4.0, 0, 0, 0
L -1243.0, 338.0, -4.0, -1243.0, 350.0, -4.0, 0, 0, 0
L -1243.0, 350.0, -4.0, -1252.0, 358.0, -4.0, 0, 0, 0
L -1252.0, 358.0, -4.0, -1252.0, 374.0, -4.0, 0, 0, 0
L -1252.0, 374.0, -4.0, -1265.0, 374.0, -4.0, 0, 0, 0
L -1265.0, 374.0, -4.0, -1265.0, 358.0, -4.0, 0, 0, 0
L -1265.0, 358.0, -4.0, -1274.0, 350.0, -4.0, 0, 0, 0
L -1274.0, 350.0, -4.0, -1274.0, 338.0, -4.0, 0, 0, 0
L -1274.0, 338.0, -4.0, -1266.0, 330.0, -4.0, 0, 0, 0
L -1266.0, 330.0, -4.0, -1274.0, 321.0, -4.0, 0, 0, 0
L -1274.0, 321.0, -4.0, -1274.0, 309.0, -4.0, 0, 0, 0
L -1274.0, 309.0, -4.0, -1265.0, 300.0, -4.0, 0, 0, 0
L -1265.0, 300.0, -4.0, -1261.0, 300.0, -4.0, 0, 0, 0
L -1261.0, 300.0, -4.0, -1261.0, 302.0, -4.0, 0, 0, 0
L -1234.0, 283.0, -4.0, -1234.0, 286.0, -4.0, 0, 0, 0
L -1234.0, 286.0, -4.0, -1226.0, 294.0, -4.0, 0, 0, 0
L -1226.0, 294.0, -4.0, -1215.0, 294.0, -4.0, 0, 0, 0
L -1215.0, 294.0, -4.0, -1207.0, 286.0, -4.0, 0, 0, 0
L -1207.0, 286.0, -4.0, -1207.0, 274.0, -4.0, 0, 0, 0
L -1207.0, 274.0, -4.0, -1215.0, 267.0, -4.0, 0, 0, 0
L -1215.0, 267.0, -4.0, -1226.0, 267.0, -4.0, 0, 0, 0
L -1226.0, 267.0, -4.0, -1234.0, 274.0, -4.0, 0, 0, 0
L -1234.0, 274.0, -4.0, -1234.0, 277.0, -4.0, 0, 0, 0
L -1234.0, 283.0, -4.0, -1235.0, 283.0, -4.0, 0, 0, 0
L -1234.0, 277.0, -4.0, -1235.0, 277.0, -4.0, 0, 0, 0
L -1235.0, 277.0, -4.0, -1235.0, 274.0, -4.0, 0, 0, 0
L -1235.0, 274.0, -4.0, -1226.0, 265.0, -4.0, 0, 0, 0
L -1226.0, 265.0, -4.0, -1214.0, 265.0, -4.0, 0, 0, 0
L -1214.0, 265.0, -4.0, -1205.0, 274.0, -4.0, 0, 0, 0
L -1205.0, 274.0, -4.0, -1205.0, 286.0, -4.0, 0, 0, 0
L -1205.0, 286.0, -4.0, -1214.0, 295.0, -4.0, 0, 0, 0
L -1214.0, 295.0, -4.0, -1226.0, 295.0, -4.0, 0, 0, 0
L -1226.0, 295.0, -4.0, -1235.0, 286.0, -4.0, 0, 0, 0
L -1235.0, 283.0, -4.0, -1235.0, 286.0, -4.0, 0, 0, 0
L -1641.0, 583.0, -5.0, -1646.0, 585.0, -5.0, 0, 0, 0
L -1646.0, 585.0, -5.0, -1647.0, 591.0, -5.0, 0, 0, 0
L -1647.0, 591.0, -5.0, -1643.0, 595.0, -5.0, 0, 0, 0
L -1643.0, 595.0, -5.0, -1637.0, 593.0, -5.0, 0, 0, 0
L -1637.0, 593.0, -5.0, -1636.0, 587.0, -5.0, 0, 0, 0
L -1636.0, 587.0, -5.0, -1641.0, 583.0, -5.0, 0, 0, 0
L -2664.0, 821.0, -4.0, -2660.0, 819.0, -4.0, 0, 0, 0
L -2660.0, 819.0, -4.0, -2651.0, 834.0, -4.0, 0, 0, 0
L -2651.0, 834.0, -4.0, -2666.0, 844.0, -4.0, 0, 0, 0
L -2666.0, 844.0, -4.0, -2676.0, 829.0, -4.0, 0, 0, 0
L -2676.0, 829.0, -4.0, -2674.0, 827.0, -4.0, 0, 0, 0
L -2712.0, 820.0, -4.0, -2711.0, 822.0, -4.0, 0, 0, 0
L -2711.0, 822.0, -4.0, -2728.0, 829.0, -4.0, 0, 0, 0
L -2728.0, 829.0, -4.0, -2735.0, 812.0, -4.0, 0, 0, 0
L -2735.0, 812.0, -4.0, -2718.0, 805.0, -4.0, 0, 0, 0
L -2718.0, 805.0, -4.0, -2717.0, 807.0, -4.0, 0, 0, 0
L -2695.0, 779.0, -4.0, -2693.0, 779.0, -4.0, 0, 0, 0
L -2693.0, 779.0, -4.0, -2694.0, 760.0, -4.0, 0, 0, 0
L -2694.0, 760.0, -4.0, -2712.0, 762.0, -4.0, 0, 0, 0
L -2712.0, 762.0, -4.0, -2711.0, 780.0, -4.0, 0, 0, 0
L -2711.0, 780.0, -4.0, -2707.0, 780.0, -4.0, 0, 0, 0
L -3136.0, 879.0, -4.0, -3155.0, 844.0, -4.0, 0, 0, 0
L -3155.0, 844.0, -4.0, -3166.0, 850.0, -4.0, 0, 0, 0
L -3166.0, 850.0, -4.0, -3147.0, 885.0, -4.0, 0, 0, 0
L -3147.0, 885.0, -4.0, -3136.0, 879.0, -4.0, 0, 0, 0
L -3139.0, 847.0, -4.0, -3140.0, 835.0, -4.0, 0, 0, 0
L -3140.0, 835.0, -4.0, -3152.0, 836.0, -4.0, 0, 0, 0
L -3152.0, 836.0, -4.0, -3151.0, 848.0, -4.0, 0, 0, 0
L -3091.0, 809.0, -4.0, -3110.0, 775.0, -4.0, 0, 0, 0
L -3110.0, 775.0, -4.0, -3099.0, 769.0, -4.0, 0, 0, 0
L -3099.0, 769.0, -4.0, -3080.0, 803.0, -4.0, 0, 0, 0
L -3080.0, 803.0, -4.0, -3091.0, 809.0, -4.0, 0, 0, 0
L -3107.0, 815.0, -4.0, -3108.0, 800.0, -4.0, 0, 0, 0
L -3108.0, 800.0, -4.0, -3121.0, 801.0, -4.0, 0, 0, 0
L -3121.0, 801.0, -4.0, -3120.0, 816.0, -4.0, 0, 0, 0
L -3120.0, 816.0, -4.0, -3107.0, 815.0, -4.0, 0, 0, 0
L -3148.0, 810.0, -4.0, -3150.0, 786.0, -4.0, 0, 0, 0
L -3150.0, 786.0, -4.0, -3176.9, 787.0, -4.0, 0, 0, 0
L -3176.0, 787.0, -3.0, -3175.0, 813.0, -4.0, 0, 0, 0
L -3175.0, 813.0, -4.0, -3148.0, 810.0, -4.0, 0, 0, 0
L -3121.0, 791.0, -4.0, -3109.0, 790.0, -4.0, 0, 0, 0
L -3109.0, 790.0, -4.0, -3110.0, 778.0, -4.0, 0, 0, 0
L -3110.0, 778.0, -4.0, -3122.0, 778.0, -4.0, 0, 0, 0
L -3122.0, 778.0, -4.0, -3121.0, 791.0, -4.0, 0, 0, 0
L -3145.0, 750.0, -4.0, -3158.0, 751.0, -4.0, 0, 0, 0
L -3158.0, 751.0, -4.0, -3159.0, 738.0, -4.0, 0, 0, 0
L -3159.0, 738.0, -4.0, -3146.0, 737.0, -4.0, 0, 0, 0
L -3145.0, 750.0, -4.0, -3146.0, 737.0, -4.0, 0, 0, 0
L -3203.0, 785.0, -4.0, -3216.0, 785.0, -4.0, 0, 0, 0
L -3216.0, 785.0, -4.0, -3215.0, 798.0, -4.0, 0, 0, 0
L -3215.0, 798.0, -4.0, -3203.0, 797.0, -4.0, 0, 0, 0
L -3203.0, 797.0, -4.0, -3203.0, 785.0, -4.0, 0, 0, 0
L -3202.0, 808.0, -4.0, -3214.0, 809.0, -4.0, 0, 0, 0
L -3214.0, 809.0, -4.0, -3213.0, 822.0, -4.0, 0, 0, 0
L -3213.0, 822.0, -4.0, -3201.0, 821.0, -4.0, 0, 0, 0
L -3201.0, 821.0, -4.0, -3202.0, 808.0, -4.0, 0, 0, 0
L -3181.0, 752.0, -4.0, -3169.0, 752.0, -4.0, 0, 0, 0
L -3169.0, 752.0, -4.0, -3170.0, 739.0, -4.0, 0, 0, 0
L -3170.0, 739.0, -4.0, -3182.0, 740.0, -4.0, 0, 0, 0
L -3182.0, 740.0, -4.0, -3181.0, 752.0, -4.0, 0, 0, 0
L -3128.0, 939.0, 30.0, -3179.0, 988.0, 2.0, 0, 0, 0
L -3179.0, 988.0, 2.0, -3186.0, 994.0, 0.0, 0, 0, 0
L -3186.0, 994.0, 0.0, -3186.0, 1018.0, 0.0, 0, 0, 0
L -3186.0, 1018.0, 0.0, -3194.0, 1069.0, 0.0, 0, 0, 0
L -3194.0, 1069.0, 0.0, -3228.0, 1145.0, 0.0, 0, 0, 0
L -3228.0, 1145.0, 0.0, -3227.0, 1181.0, 0.0, 0, 0, 0
L -3227.0, 1181.0, 0.0, -3372.0, 1181.0, 0.0, 0, 0, 0
L -3372.0, 1181.0, 0.0, -3372.0, 1154.0, 0.0, 0, 0, 0
L -3372.0, 1154.0, 0.0, -3379.0, 1147.0, 0.0, 0, 0, 0
L -3345.0, 1112.0, 0.0, -3345.0, 1154.0, 0.0, 0, 0, 0
L -3345.0, 1154.0, 0.0, -3261.0, 1153.0, 0.0, 0, 0, 0
L -3261.0, 1153.0, 0.0, -3261.0, 1136.0, 0.0, 0, 0, 0
L -3261.0, 1136.0, 0.0, -3232.0, 1059.0, 0.0, 0, 0, 0
L -3232.0, 1059.0, 0.0, -3232.0, 995.0, 0.0, 0, 0, 0
L -3232.0, 995.0, 0.0, -3240.0, 991.0, 15.0, 0, 0, 0
L -3240.0, 991.0, 15.0, -3263.0, 966.0, 49.0, 0, 0, 0
L -3263.0, 966.0, 49.0, -3331.0, 940.0, 15.0, 0, 0, 0
L -3331.0, 940.0, 15.0, -3406.0, 940.0, 15.0, 0, 0, 0
L -3406.0, 940.0, 15.0, -3437.0, 939.0, 16.0, 0, 0, 0
L -3620.0, -1096.0, -3.0, -3623.0, -1096.0, -3.0, 0, 0, 0
L -3623.0, -1096.0, -3.0, -3624.0, -1096.0, -3.0, 0, 0, 0
L -3624.0, -1096.0, -3.0, -3626.0, -1095.0, -4.0, 0, 0, 0
L -3626.0, -1095.0, -4.0, -3626.0, -1093.0, -3.0, 0, 0, 0
L -3626.0, -1093.0, -3.0, -3625.0, -1093.0, -3.0, 0, 0, 0
L -3625.0, -1093.0, -3.0, -3625.0, -1091.0, -3.0, 0, 0, 0
L -3625.0, -1091.0, -3.0, -3624.0, -1091.0, -3.0, 0, 0, 0
L -3624.0, -1091.0, -3.0, -3623.0, -1091.0, -3.0, 0, 0, 0
L -3623.0, -1091.0, -3.0, -3622.0, -1091.0, -3.0, 0, 0, 0
L -3622.0, -1091.0, -3.0, -3622.0, -1093.0, -3.0, 0, 0, 0
L -3622.0, -1093.0, -3.0, -3620.0, -1093.0, -3.0, 0, 0, 0
L -3620.0, -1093.0, -3.0, -3620.0, -1096.0, -3.0, 0, 0, 0
L -3621.0, -1117.0, -4.0, -3621.0, -1115.0, -4.0, 0, 0, 0
L -3621.0, -1115.0, -4.0, -3618.0, -1115.0, -4.0, 0, 0, 0
L -3618.0, -1115.0, -4.0, -3618.0, -1117.0, -4.0, 0, 0, 0
L -3618.0, -1117.0, -4.0, -3617.0, -1118.0, -4.0, 0, 0, 0
L -3617.0, -1118.0, -4.0, -3619.0, -1121.0, -4.0, 0, 0, 0
L -3619.0, -1121.0, -4.0, -3621.0, -1120.0, -4.0, 0, 0, 0
L -3621.0, -1120.0, -4.0, -3622.0, -1119.0, -4.0, 0, 0, 0
L -3622.0, -1119.0, -4.0, -3623.0, -1119.0, -4.0, 0, 0, 0
L -3623.0, -1119.0, -4.0, -3623.0, -1117.0, -4.0, 0, 0, 0
L -3623.0, -1117.0, -4.0, -3621.0, -1117.0, -4.0, 0, 0, 0
L -3606.0, -1114.0, -3.0, -3606.0, -1112.0, -3.0, 0, 0, 0
L -3606.0, -1112.0, -3.0, -3605.0, -1111.0, -3.0, 0, 0, 0
L -3605.0, -1111.0, -3.0, -3604.0, -1111.0, -2.0, 0, 0, 0
L -3604.0, -1111.0, -2.0, -3602.0, -1111.0, -2.0, 0, 0, 0
L -3602.0, -1111.0, -2.0, -3600.0, -1112.0, -2.0, 0, 0, 0
L -3600.0, -1112.0, -2.0, -3600.0, -1113.0, -2.0, 0, 0, 0
L -3600.0, -1113.0, -2.0, -3601.0, -1115.0, -2.0, 0, 0, 0
L -3601.0, -1115.0, -2.0, -3601.0, -1116.0, -3.0, 0, 0, 0
L -3601.0, -1116.0, -3.0, -3602.0, -1116.0, -3.0, 0, 0, 0
L -3602.0, -1116.0, -3.0, -3604.0, -1115.0, -3.0, 0, 0, 0
L -3604.0, -1115.0, -3.0, -3605.0, -1114.0, -3.0, 0, 0, 0
L -3605.0, -1114.0, -3.0, -3606.0, -1114.0, -3.0, 0, 0, 0
L -3606.0, -1100.0, -2.0, -3606.0, -1098.0, -2.0, 0, 0, 0
L -3606.0, -1098.0, -2.0, -3606.0, -1097.0, -2.0, 0, 0, 0
L -3606.0, -1097.0, -2.0, -3604.0, -1097.0, -2.0, 0, 0, 0
L -3604.0, -1097.0, -2.0, -3602.0, -1097.0, -2.0, 0, 0, 0
L -3602.0, -1097.0, -2.0, -3599.0, -1098.0, -2.0, 0, 0, 0
L -3599.0, -1098.0, -2.0, -3600.0, -1101.0, -2.0, 0, 0, 0
L -3600.0, -1101.0, -2.0, -3601.0, -1101.0, -2.0, 0, 0, 0
L -3601.0, -1101.0, -2.0, -3602.0, -1103.0, -2.0, 0, 0, 0
L -3602.0, -1103.0, -2.0, -3603.0, -1102.0, -2.0, 0, 0, 0
L -3603.0, -1102.0, -2.0, -3605.0, -1101.0, -2.0, 0, 0, 0
L -3605.0, -1101.0, -2.0, -3604.0, -1101.0, -2.0, 0, 0, 0
L -3604.0, -1101.0, -2.0, -3606.0, -1100.0, -2.0, 0, 0, 0
L -3625.0, -1079.0, -3.0, -3627.0, -1078.0, -4.0, 0, 0, 0
L -3627.0, -1078.0, -4.0, -3628.0, -1077.0, -4.0, 0, 0, 0
L -3628.0, -1077.0, -4.0, -3626.0, -1075.0, -4.0, 0, 0, 0
L -3626.0, -1075.0, -4.0, -3625.0, -1073.0, -3.0, 0, 0, 0
L -3625.0, -1073.0, -3.0, -3624.0, -1073.0, -3.0, 0, 0, 0
L -3624.0, -1073.0, -3.0, -3623.0, -1074.0, -3.0, 0, 0, 0
L -3623.0, -1074.0, -3.0, -3623.0, -1075.0, -3.0, 0, 0, 0
L -3623.0, -1075.0, -3.0, -3623.0, -1076.0, -3.0, 0, 0, 0
L -3623.0, -1076.0, -3.0, -3622.0, -1077.0, -3.0, 0, 0, 0
L -3622.0, -1077.0, -3.0, -3622.0, -1078.0, -3.0, 0, 0, 0
L -3622.0, -1078.0, -3.0, -3623.0, -1079.0, -3.0, 0, 0, 0
L -3623.0, -1079.0, -3.0, -3625.0, -1079.0, -3.0, 0, 0, 0
L -3128.0, -1824.0, -4.0, -3150.0, -1807.0, -4.0, 0, 0, 0
L -3150.0, -1807.0, -4.0, -3147.0, -1791.0, -4.0, 0, 0, 0
L -3145.0, -1776.0, -4.0, -3143.0, -1758.0, -4.0, 0, 0, 0
L -3143.0, -1758.0, -4.0, -3097.0, -1740.0, -4.0, 0, 0, 0
L -3097.0, -1740.0, -4.0, -3058.0, -1770.0, -6.0, 0, 0, 0
L -3058.0, -1770.0, -6.0, -3065.0, -1819.0, -5.0, 0, 0, 0
L -3065.0, -1819.0, -4.0, -3111.0, -1837.0, -4.0, 0, 0, 0
L -3111.0, -1837.0, -4.0, -3147.0, -1809.0, -4.0, 0, 0, 0
L -3142.0, -1777.0, -4.0, -3139.0, -1760.0, -4.0, 0, 0, 0
L -3139.0, -1760.0, -4.0, -3097.0, -1744.0, -4.0, 0, 0, 0
L -3097.0, -1744.0, -4.0, -3062.0, -1772.0, -5.0, 0, 0, 0
L -3062.0, -1772.0, -5.0, -3069.0, -1817.0, -4.0, 0, 0, 0
L -3069.0, -1817.0, -4.0, -3111.0, -1833.0, -4.0, 0, 0, 0
L -3111.0, -1833.0, -4.0, -3146.0, -1805.0, -4.0, 0, 0, 0
L -3146.0, -1805.0, -4.0, -3145.0, -1796.0, -4.0, 0, 0, 0
L -3145.0, -1796.0, -4.0, -3144.0, -1792.0, -4.0, 0, 0, 0
L -3142.0, -1777.0, -4.0, -3145.0, -1776.0, -4.0, 0, 0, 0
L -3147.0, -1791.0, -4.0, -3144.0, -1792.0, -4.0, 0, 0, 0
L -2035.0, -1459.0, -2.0, -2036.0, -1456.0, -2.0, 0, 0, 0
L -2036.0, -1456.0, -2.0, -2018.0, -1455.0, -2.0, 0, 0, 0
L -2018.0, -1455.0, -2.0, -2017.0, -1472.0, 0.0, 0, 0, 0
L -2017.0, -1472.0, 0.0, -2034.0, -1474.0, -2.0, 0, 0, 0
L -2034.0, -1474.0, -2.0, -2035.0, -1471.0, -2.0, 0, 0, 0
L -2097.0, -1462.0, -2.0, -2097.0, -1459.0, -2.0, 0, 0, 0
L -2097.0, -1459.0, -2.0, -2114.0, -1465.0, -2.0, 0, 0, 0
L -2114.0, -1465.0, -2.0, -2108.0, -1482.0, -2.0, 0, 0, 0
L -2108.0, -1482.0, -2.0, -2091.0, -1476.0, -2.0, 0, 0, 0
L -2091.0, -1476.0, -2.0, -2092.0, -1474.0, -2.0, 0, 0, 0
L -1904.0, -1135.0, -2.0, -1892.0, -1120.0, -2.0, 205, 133, 63
L -1892.0, -1120.0, -2.0, -1885.0, -1110.0, -2.0, 205, 133, 63
L -1885.0, -1110.0, -2.0, -1877.0, -1103.0, -2.0, 205, 133, 63
L -1877.0, -1103.0, -2.0, -1868.0, -1097.0, -2.0, 205, 133, 63
L -1868.0, -1097.0, -2.0, -1857.0, -1090.0, -2.0, 205, 133, 63
L -1857.0, -1090.0, -2.0, -1853.0, -1081.0, -2.0, 205, 133, 63
L -1853.0, -1081.0, -2.0, -1856.0, -1071.0, -2.0, 205, 133, 63
L -1856.0, -1071.0, -2.0, -1858.0, -1060.0, -2.0, 205, 133, 63
L -1858.0, -1060.0, -2.0, -1856.0, -1051.0, -2.0, 205, 133, 63
L -1856.0, -1051.0, -2.0, -1859.0, -1039.0, -2.0, 205, 133, 63
L -1859.0, -1039.0, -2.0, -1857.0, -1030.0, -1.0, 205, 133, 63
L -1857.0, -1030.0, -1.0, -1854.0, -1022.0, -2.0, 205, 133, 63
L -1854.0, -1022.0, -2.0, -1857.0, -1012.0, -2.0, 205, 133, 63
L -1857.0, -1012.0, -2.0, -1857.0, -1003.0, -2.0, 205, 133, 63
L -1857.0, -1003.0, -2.0, -1858.0, -992.0, -1.0, 205, 133, 63
L -1858.0, -992.0, -1.0, -1858.0, -983.0, 0.0, 205, 133, 63
L -1858.0, -983.0, 0.0, -1854.0, -975.0, -1.0, 205, 133, 63
L -1854.0, -975.0, -1.0, -1858.0, -966.0, 0.0, 205, 133, 63
L -1858.0, -966.0, 0.0, -1856.0, -956.0, 0.0, 205, 133, 63
L -1856.0, -956.0, 0.0, -1856.0, -946.0, 0.0, 205, 133, 63
L -1856.0, -946.0, 0.0, -1859.0, -938.0, 0.0, 205, 133, 63
L -1859.0, -938.0, 0.0, -1855.0, -930.0, 0.0, 205, 133, 63
L -1855.0, -930.0, 0.0, -1854.0, -921.0, -1.0, 205, 133, 63
L -1854.0, -921.0, -1.0, -1858.0, -912.0, 0.0, 205, 133, 63
L -1858.0, -912.0, 0.0, -1857.0, -901.0, 0.0, 205, 133, 63
L -1857.0, -901.0, 0.0, -1860.0, -893.0, 0.0, 205, 133, 63
L -1860.0, -893.0, 0.0, -1857.0, -882.0, -1.0, 205, 133, 63
L -1857.0, -882.0, -1.0, -1856.0, -872.0, -1.0, 205, 133, 63
L -1856.0, -872.0, -1.0, -1859.0, -863.0, -1.0, 205, 133, 63
L -1859.0, -863.0, -1.0, -1858.0, -855.0, -1.0, 205, 133, 63
L -1858.0, -855.0, -1.0, -1858.0, -845.0, -2.0, 205, 133, 63
L -1858.0, -845.0, -2.0, -1860.0, -836.0, -2.0, 205, 133, 63
L -1860.0, -836.0, -2.0, -1855.0, -826.0, -3.0, 205, 133, 63
L -1855.0, -826.0, -3.0, -1857.0, -816.0, -3.0, 205, 133, 63
L -1857.0, -816.0, -3.0, -1857.0, -806.0, -3.0, 150, 150, 150
L -1857.0, -806.0, -3.0, -1857.0, -796.0, -3.0, 205, 133, 63
L -1857.0, -796.0, -3.0, -1859.0, -786.0, -3.0, 205, 133, 63
L -1859.0, -786.0, -3.0, -1855.0, -775.0, -3.0, 205, 133, 63
L -1855.0, -775.0, -3.0, -1857.0, -767.0, -3.0, 205, 133, 63
L -1857.0, -767.0, -3.0, -1856.0, -756.0, -3.0, 205, 133, 63
L -1856.0, -756.0, -3.0, -1857.0, -747.0, -3.0, 205, 133, 63
L -1857.0, -747.0, -3.0, -1859.0, -737.0, -3.0, 205, 133, 63
L -1859.0, -737.0, -3.0, -1855.0, -728.0, -3.0, 205, 133, 63
L -1855.0, -728.0, -3.0, -1858.0, -720.0, -3.0, 205, 133, 63
L -1858.0, -720.0, -3.0, -1859.0, -710.0, -3.0, 205, 133, 63
L -1859.0, -710.0, -3.0, -1858.0, -699.0, -3.0, 205, 133, 63
L -1858.0, -699.0, -3.0, -1861.0, -690.0, -3.0, 205, 133, 63
L -1861.0, -690.0, -3.0, -1861.0, -680.0, -3.0, 205, 133, 63
L -1861.0, -680.0, -3.0, -1856.0, -672.0, -2.0, 205, 133, 63
L -1856.0, -672.0, -2.0, -1848.0, -667.0, -2.0, 205, 133, 63
L -1848.0, -667.0, -2.0, -1840.0, -661.0, -2.0, 205, 133, 63
L -1840.0, -661.0, -2.0, -1832.0, -653.0, -2.0, 205, 133, 63
L -1832.0, -653.0, -2.0, -1827.0, -644.0, -2.0, 205, 133, 63
L -1827.0, -644.0, -2.0, -1818.0, -639.0, -2.0, 205, 133, 63
L -1818.0, -639.0, -2.0, -1809.0, -637.0, -3.0, 205, 133, 63
L -1809.0, -637.0, -3.0, -1800.0, -637.0, -3.0, 205, 133, 63
L -1800.0, -637.0, -3.0, -1793.0, -630.0, -3.0, 205, 133, 63
L -1793.0, -630.0, -3.0, -1790.0, -621.0, -2.0, 205, 133, 63
L -1790.0, -621.0, -2.0, -1787.0, -611.0, -2.0, 205, 133, 63
L -1787.0, -611.0, -2.0, -1780.0, -604.0, -2.0, 205, 133, 63
L -1780.0, -604.0, -2.0, -1774.0, -593.0, -2.0, 205, 133, 63
L -1774.0, -593.0, -2.0, -1765.0, -587.0, -2.0, 205, 133, 63
L -1765.0, -587.0, -2.0, -1755.0, -586.0, -2.0, 205, 133, 63
L -1755.0, -586.0, -2.0, -1745.0, -581.0, -2.0, 205, 133, 63
L -1745.0, -581.0, -2.0, -1741.0, -571.0, -2.0, 205, 133, 63
L -1741.0, -571.0, -2.0, -1736.0, -561.0, -2.0, 205, 133, 63
L -1736.0, -561.0, -2.0, -1728.0, -552.0, -2.0, 205, 133, 63
L -1728.0, -552.0, -2.0, -1723.0, -541.0, -2.0, 205, 133, 63
L -1723.0, -541.0, -2.0, -1716.0, -533.0, -2.0, 205, 133, 63
L -1716.0, -533.0, -2.0, -1706.0, -530.0, -2.0, 205, 133, 63
L -1706.0, -530.0, -2.0, -1696.0, -532.0, -2.0, 205, 133, 63
L -1696.0, -532.0, -2.0, -1684.0, -532.0, -2.0, 205, 133, 63
L -1684.0, -532.0, -2.0, -1672.0, -532.0, -2.0, 205, 133, 63
L -1672.0, -532.0, -2.0, -1662.0, -531.0, -2.0, 205, 133, 63
L -1662.0, -531.0, -2.0, -1653.0, -533.0, -2.0, 205, 133, 63
L -1653.0, -533.0, -2.0, -1643.0, -532.0, -1.0, 205, 133, 63
L -1643.0, -532.0, -1.0, -1634.0, -529.0, 0.0, 205, 133, 63
L -1634.0, -529.0, 0.0, -1624.0, -533.0, 0.0, 205, 133, 63
L -1624.0, -533.0, 0.0, -1613.0, -531.0, 0.0, 205, 133, 63
L -1613.0, -531.0, 0.0, -1603.0, -535.0, -1.0, 205, 133, 63
L -1603.0, -535.0, -1.0, -1594.0, -532.0, -1.0, 205, 133, 63
L -1594.0, -532.0, -1.0, -1585.0, -531.0, -2.0, 205, 133, 63
L -1585.0, -531.0, -2.0, -1575.0, -533.0, -2.0, 205, 133, 63
L -1575.0, -533.0, -2.0, -1564.0, -530.0, -2.0, 205, 133, 63
L -1564.0, -530.0, -2.0, -1556.0, -534.0, -2.0, 205, 133, 63
L -1556.0, -534.0, -2.0, -1546.0, -535.0, -2.0, 205, 133, 63
L -1546.0, -535.0, -2.0, -1537.0, -531.0, -2.0, 205, 133, 63
L -1537.0, -531.0, -2.0, -1526.0, -533.0, -2.0, 205, 133, 63
L -1526.0, -533.0, -2.0, -1515.0, -531.0, -2.0, 205, 133, 63
L -1515.0, -531.0, -2.0, -1504.0, -535.0, -3.0, 205, 133, 63
L -1504.0, -535.0, -3.0, -1494.0, -533.0, -3.0, 205, 133, 63
L -1494.0, -533.0, -3.0, -1485.0, -532.0, -3.0, 205, 133, 63
L -1485.0, -532.0, -3.0, -1473.0, -534.0, -3.0, 205, 133, 63
L -1473.0, -534.0, -3.0, -1464.0, -532.0, -3.0, 205, 133, 63
L -1464.0, -532.0, -3.0, -1455.0, -535.0, -3.0, 205, 133, 63
L -1455.0, -535.0, -3.0, -1444.0, -532.0, -3.0, 205, 133, 63
L -1444.0, -532.0, -3.0, -1433.0, -531.0, -3.0, 205, 133, 63
L -1433.0, -531.0, -3.0, -1423.0, -532.0, -3.0, 205, 133, 63
L -1423.0, -532.0, -3.0, -1413.0, -534.0, -3.0, 205, 133, 63
L -1413.0, -534.0, -3.0, -1401.0, -531.0, -3.0, 205, 133, 63
L -1401.0, -531.0, -3.0, -1394.0, -524.0, -4.0, 205, 133, 63
L -1394.0, -524.0, -4.0, -1386.0, -513.0, -4.0, 205, 133, 63
L -1386.0, -513.0, -4.0, -1379.0, -503.0, -5.0, 205, 133, 63
L -1379.0, -503.0, -5.0, -1372.0, -494.0, -8.0, 205, 133, 63
L -1372.0, -494.0, -8.0, -1361.0, -489.0, -9.0, 205, 133, 63
L -1361.0, -489.0, -9.0, -1346.0, -485.0, -9.0, 205, 133, 63
L -1346.0, -485.0, -9.0, -1338.0, -477.0, -10.0, 205, 133, 63
L -1338.0, -477.0, -10.0, -1336.0, -466.0, -11.0, 205, 133, 63
L -1336.0, -466.0, -11.0, -1331.0, -454.0, -13.0, 205, 133, 63
L -1331.0, -454.0, -13.0, -1325.0, -445.0, -13.0, 205, 133, 63
L -1325.0, -445.0, -13.0, -1315.0, -440.0, -13.0, 205, 133, 63
L -1315.0, -440.0, -13.0, -1305.0, -437.0, -11.0, 205, 133, 63
L -1305.0, -437.0, -11.0, -1295.0, -432.0, -8.0, 205, 133, 63
L -1295.0, -432.0, -8.0, -1289.0, -423.0, -6.0, 205, 133, 63
L -1289.0, -423.0, -6.0, -1285.0, -412.0, -5.0, 205, 133, 63
L -1285.0, -412.0, -5.0, -1278.0, -401.0, -5.0, 205, 133, 63
L -1278.0, -401.0, -5.0, -1271.0, -392.0, -6.0, 205, 133, 63
L -1271.0, -392.0, -6.0, -1261.0, -388.0, -6.0, 205, 133, 63
L -1261.0, -388.0, -6.0, -1248.0, -385.0, -5.0, 205, 133, 63
L -1248.0, -385.0, -5.0, -1242.0, -378.0, -5.0, 205, 133, 63
L -1242.0, -378.0, -5.0, -1239.0, -367.0, -5.0, 205, 133, 63
L -1239.0, -367.0, -5.0, -1231.0, -354.0, -5.0, 205, 133, 63
L -1231.0, -354.0, -5.0, -1222.0, -343.0, -6.0, 205, 133, 63
L -1222.0, -343.0, -6.0, -1211.0, -338.0, -6.0, 205, 133, 63
L -1211.0, -338.0, -6.0, -1198.0, -335.0, -5.0, 205, 133, 63
L -1198.0, -335.0, -5.0, -1190.0, -328.0, -4.0, 205, 133, 63
L -1190.0, -328.0, -4.0, -1189.0, -318.0, -4.0, 205, 133, 63
L -1189.0, -318.0, -4.0, -1183.0, -307.0, -4.0, 205, 133, 63
L -1183.0, -307.0, -4.0, -1175.0, -296.0, -3.0, 205, 133, 63
L -1175.0, -296.0, -3.0, -1167.0, -288.0, -3.0, 205, 133, 63
L -1167.0, -288.0, -3.0, -1156.0, -286.0, -3.0, 205, 133, 63
L -1156.0, -286.0, -3.0, -1145.0, -282.0, -2.0, 205, 133, 63
L -1145.0, -282.0, -2.0, -1140.0, -273.0, -2.0, 205, 133, 63
L -1140.0, -273.0, -2.0, -1138.0, -264.0, -2.0, 205, 133, 63
L -1138.0, -264.0, -2.0, -1131.0, -255.0, -2.0, 205, 133, 63
L -1131.0, -255.0, -2.0, -1123.0, -242.0, -2.0, 205, 133, 63
L -1123.0, -242.0, -2.0, -1114.0, -231.0, -2.0, 205, 133, 63
L -1114.0, -231.0, -2.0, -1105.0, -230.0, -2.0, 205, 133, 63
L -1105.0, -230.0, -2.0, -1093.0, -232.0, -2.0, 205, 133, 63
L -1093.0, -232.0, -2.0, -1080.0, -232.0, -2.0, 205, 133, 63
L -1080.0, -232.0, -2.0, -1068.0, -231.0, -2.0, 205, 133, 63
L -1068.0, -231.0, -2.0, -1057.0, -231.0, -2.0, 205, 133, 63
L -1057.0, -231.0, -2.0, -1047.0, -235.0, -1.0, 205, 133, 63
L -1047.0, -235.0, -1.0, -1037.0, -231.0, 0.0, 205, 133, 63
L -1037.0, -231.0, 0.0, -1025.0, -232.0, 0.0, 205, 133, 63
L -1025.0, -232.0, 0.0, -1014.0, -231.0, -2.0, 205, 133, 63
L -1014.0, -231.0, -2.0, -1004.0, -235.0, -3.0, 205, 133, 63
L -1004.0, -235.0, -3.0, -993.0, -234.0, -3.0, 205, 133, 63
L -993.0, -234.0, -3.0, -982.0, -232.0, -1.0, 205, 133, 63
L -982.0, -232.0, -1.0, -970.0, -232.0, -2.0, 205, 133, 63
L -970.0, -232.0, -2.0, -959.0, -232.0, -3.0, 205, 133, 63
L -959.0, -232.0, -3.0, -949.0, -236.0, -2.0, 205, 133, 63
L -949.0, -236.0, -2.0, -937.0, -232.0, 0.0, 205, 133, 63
L -937.0, -232.0, 0.0, -926.0, -233.0, 0.0, 205, 133, 63
L -926.0, -233.0, 0.0, -914.0, -232.0, -1.0, 205, 133, 63
L -914.0, -232.0, -1.0, -901.0, -234.0, -2.0, 205, 133, 63
L -901.0, -234.0, -2.0, -890.0, -232.0, -2.0, 205, 133, 63
L -890.0, -232.0, -2.0, -877.0, -231.0, -2.0, 205, 133, 63
L -877.0, -231.0, -2.0, -866.0, -230.0, -2.0, 205, 133, 63
L -866.0, -230.0, -2.0, -856.0, -231.0, -2.0, 205, 133, 63
L -856.0, -231.0, -2.0, -846.0, -236.0, -2.0, 205, 133, 63
L -846.0, -236.0, -2.0, -840.0, -245.0, -2.0, 205, 133, 63
L -840.0, -245.0, -2.0, -833.0, -257.0, -2.0, 205, 133, 63
L -833.0, -257.0, -2.0, -823.0, -263.0, -2.0, 205, 133, 63
L -823.0, -263.0, -2.0, -814.0, -272.0, -2.0, 205, 133, 63
L -789.0, -303.0, -3.0, -781.0, -309.0, -3.0, 205, 133, 63
L -781.0, -309.0, -3.0, -771.0, -316.0, -4.0, 205, 133, 63
L -771.0, -316.0, -4.0, -762.0, -322.0, -5.0, 205, 133, 63
L -756.0, -401.0, -2.0, -759.0, -411.0, -2.0, 205, 133, 63
L -759.0, -411.0, -2.0, -755.0, -421.0, -2.0, 205, 133, 63
L -755.0, -421.0, -2.0, -757.0, -430.0, -2.0, 205, 133, 63
L -757.0, -430.0, -2.0, -758.0, -440.0, -2.0, 205, 133, 63
L -758.0, -440.0, -2.0, -756.0, -453.0, -2.0, 205, 133, 63
L -756.0, -453.0, -2.0, -758.0, -464.0, -2.0, 205, 133, 63
L -758.0, -464.0, -2.0, -760.0, -476.0, -2.0, 205, 133, 63
L -760.0, -476.0, -2.0, -759.0, -488.0, -2.0, 205, 133, 63
L -759.0, -488.0, -2.0, -751.0, -495.0, -2.0, 205, 133, 63
L -751.0, -495.0, -2.0, -739.0, -503.0, -2.0, 205, 133, 63
L -739.0, -503.0, -2.0, -729.0, -514.0, -2.0, 205, 133, 63
L -729.0, -514.0, -2.0, -723.0, -524.0, -2.0, 205, 133, 63
L -723.0, -524.0, -2.0, -716.0, -533.0, -2.0, 205, 133, 63
L -716.0, -533.0, -2.0, -705.0, -536.0, -3.0, 205, 133, 63
L -705.0, -536.0, -3.0, -694.0, -532.0, -3.0, 205, 133, 63
L -694.0, -532.0, -3.0, -683.0, -533.0, -3.0, 205, 133, 63
L -683.0, -533.0, -3.0, -672.0, -533.0, -3.0, 205, 133, 63
L -672.0, -533.0, -3.0, -662.0, -534.0, -3.0, 205, 133, 63
L -662.0, -534.0, -3.0, -648.0, -539.0, -3.0, 205, 133, 63
L -648.0, -539.0, -3.0, -640.0, -533.0, -4.0, 205, 133, 63
L -640.0, -533.0, -4.0, -630.0, -533.0, -4.0, 205, 133, 63
L -630.0, -533.0, -4.0, -619.0, -533.0, -4.0, 205, 133, 63
L -619.0, -533.0, -4.0, -608.0, -533.0, -4.0, 205, 133, 63
L -608.0, -533.0, -4.0, -597.0, -535.0, -4.0, 205, 133, 63
L -597.0, -535.0, -4.0, -585.0, -532.0, -4.0, 205, 133, 63
L -585.0, -532.0, -4.0, -574.0, -533.0, -4.0, 205, 133, 63
L -574.0, -533.0, -4.0, -563.0, -532.0, -3.0, 205, 133, 63
L -563.0, -532.0, -3.0, -546.0, -534.0, -3.0, 205, 133, 63
L -546.0, -534.0, -3.0, -536.0, -533.0, -3.0, 205, 133, 63
L -536.0, -533.0, -3.0, -523.0, -533.0, -3.0, 205, 133, 63
L -523.0, -533.0, -3.0, -513.0, -531.0, -3.0, 205, 133, 63
L -513.0, -531.0, -3.0, -504.0, -534.0, -3.0, 205, 133, 63
L -504.0, -534.0, -3.0, -495.0, -534.0, -3.0, 205, 133, 63
L -495.0, -534.0, -3.0, -484.0, -532.0, -3.0, 205, 133, 63
L -484.0, -532.0, -3.0, -475.0, -535.0, -3.0, 205, 133, 63
L -475.0, -535.0, -3.0, -464.0, -532.0, -3.0, 205, 133, 63
L -464.0, -532.0, -3.0, -454.0, -535.0, -3.0, 205, 133, 63
L -454.0, -535.0, -3.0, -444.0, -534.0, -2.0, 205, 133, 63
L -444.0, -534.0, -2.0, -433.0, -532.0, -2.0, 205, 133, 63
L -433.0, -532.0, -2.0, -422.0, -532.0, -2.0, 205, 133, 63
L -422.0, -532.0, -2.0, -411.0, -531.0, -2.0, 205, 133, 63
L -411.0, -531.0, -2.0, -400.0, -534.0, -2.0, 205, 133, 63
L -400.0, -534.0, -2.0, -389.0, -534.0, -2.0, 205, 133, 63
L -389.0, -534.0, -2.0, -379.0, -534.0, -2.0, 205, 133, 63
L -379.0, -534.0, -2.0, -368.0, -532.0, -1.0, 205, 133, 63
L -368.0, -532.0, -1.0, -357.0, -534.0, 0.0, 205, 133, 63
L -357.0, -534.0, 0.0, -345.0, -533.0, 0.0, 205, 133, 63
L -345.0, -533.0, 0.0, -334.0, -532.0, 0.0, 205, 133, 63
L -334.0, -532.0, 0.0, -323.0, -534.0, -1.0, 205, 133, 63
L -323.0, -534.0, -1.0, -313.0, -531.0, -2.0, 205, 133, 63
L -313.0, -531.0, -2.0, -302.0, -535.0, -2.0, 205, 133, 63
L -302.0, -535.0, -2.0, -292.0, -534.0, -2.0, 205, 133, 63
L -292.0, -534.0, -2.0, -282.0, -532.0, -2.0, 205, 133, 63
L -282.0, -532.0, -2.0, -269.0, -532.0, -2.0, 205, 133, 63
L -269.0, -532.0, -2.0, -257.0, -529.0, -2.0, 205, 133, 63
L -257.0, -529.0, -2.0, -248.0, -533.0, -2.0, 205, 133, 63
L -248.0, -533.0, -2.0, -242.0, -543.0, -2.0, 205, 133, 63
L -242.0, -543.0, -2.0, -233.0, -557.0, -2.0, 205, 133, 63
L -233.0, -557.0, -2.0, -220.0, -563.0, -2.0, 205, 133, 63
L -220.0, -563.0, -2.0, -206.0, -573.0, -2.0, 205, 133, 63
L -206.0, -573.0, -2.0, -204.0, -586.0, -2.0, 205, 133, 63
L -204.0, -586.0, -2.0, -195.0, -597.0, -2.0, 205, 133, 63
L -195.0, -597.0, -2.0, -187.0, -605.0, -2.0, 205, 133, 63
L -187.0, -605.0, -2.0, -178.0, -612.0, -2.0, 205, 133, 63
L -178.0, -612.0, -2.0, -167.0, -614.0, -2.0, 205, 133, 63
L -167.0, -614.0, -2.0, -158.0, -620.0, -2.0, 205, 133, 63
L -158.0, -620.0, -2.0, -151.0, -628.0, -2.0, 205, 133, 63
L -151.0, -628.0, -2.0, -151.0, -640.0, -2.0, 205, 133, 63
L -151.0, -640.0, -2.0, -141.0, -651.0, -2.0, 205, 133, 63
L -141.0, -651.0, -2.0, -129.0, -658.0, -2.0, 205, 133, 63
L -129.0, -658.0, -2.0, -119.0, -664.0, -2.0, 205, 133, 63
L -119.0, -664.0, -2.0, -108.0, -672.0, -2.0, 205, 133, 63
L -108.0, -672.0, -2.0, -106.0, -683.0, -3.0, 205, 133, 63
L -106.0, -683.0, -3.0, -108.0, -698.0, -3.0, 205, 133, 63
L -108.0, -698.0, -3.0, -108.0, -711.0, -3.0, 205, 133, 63
L -108.0, -711.0, -3.0, -106.0, -722.0, -3.0, 205, 133, 63
L -106.0, -722.0, -3.0, -108.0, -733.0, -3.0, 205, 133, 63
L -108.0, -733.0, -3.0, -110.0, -745.0, -3.0, 205, 133, 63
L -110.0, -745.0, -3.0, -106.0, -756.0, -3.0, 205, 133, 63
L -106.0, -756.0, -3.0, -109.0, -765.0, -3.0, 205, 133, 63
L -109.0, -765.0, -3.0, -105.0, -775.0, -3.0, 205, 133, 63
L -105.0, -775.0, -3.0, -108.0, -784.0, -3.0, 205, 133, 63
L -108.0, -784.0, -3.0, -112.0, -792.0, -3.0, 205, 133, 63
L -112.0, -792.0, -3.0, -107.0, -802.0, -3.0, 205, 133, 63
L -107.0, -802.0, -3.0, -110.0, -812.0, -3.0, 205, 133, 63
L -110.0, -812.0, -3.0, -105.0, -823.0, -2.0, 205, 133, 63
L -105.0, -823.0, -2.0, -108.0, -833.0, -3.0, 205, 133, 63
L -108.0, -833.0, -3.0, -111.0, -842.0, -3.0, 205, 133, 63
L -111.0, -842.0, -3.0, -106.0, -851.0, -1.0, 205, 133, 63
L -106.0, -851.0, -1.0, -108.0, -862.0, -1.0, 205, 133, 63
L -108.0, -862.0, -1.0, -107.0, -873.0, -1.0, 205, 133, 63
L -107.0, -873.0, -1.0, -109.0, -885.0, -1.0, 205, 133, 63
L -109.0, -885.0, -1.0, -110.0, -895.0, -1.0, 205, 133, 63
L -110.0, -895.0, -1.0, -106.0, -905.0, 0.0, 205, 133, 63
L -106.0, -905.0, 0.0, -109.0, -917.0, 0.0, 205, 133, 63
L -109.0, -917.0, 0.0, -104.0, -926.0, 0.0, 205, 133, 63
L -104.0, -926.0, 0.0, -108.0, -937.0, 0.0, 205, 133, 63
L -108.0, -937.0, 0.0, -109.0, -945.0, 0.0, 205, 133, 63
L -109.0, -945.0, 0.0, -106.0, -955.0, 0.0, 205, 133, 63
L -106.0, -955.0, 0.0, -109.0, -965.0, 0.0, 205, 133, 63
L -109.0, -965.0, 0.0, -105.0, -976.0, 0.0, 205, 133, 63
L -105.0, -976.0, 0.0, -110.0, -986.0, -1.0, 205, 133, 63
L -110.0, -986.0, -1.0, -109.0, -997.0, -1.0, 205, 133, 63
L -109.0, -997.0, -1.0, -107.0, -1011.0, -2.0, 205, 133, 63
L -107.0, -1011.0, -2.0, -105.0, -1023.0, -2.0, 205, 133, 63
L -105.0, -1023.0, -2.0, -103.0, -1036.0, -1.0, 205, 133, 63
L -103.0, -1036.0, -1.0, -110.0, -1044.0, -2.0, 205, 133, 63
L -110.0, -1044.0, -2.0, -121.0, -1049.0, -2.0, 205, 133, 63
L -121.0, -1049.0, -2.0, -130.0, -1055.0, -2.0, 205, 133, 63
L -130.0, -1055.0, -2.0, -141.0, -1062.0, -2.0, 205, 133, 63
L -141.0, -1062.0, -2.0, -152.0, -1070.0, -2.0, 205, 133, 63
L -152.0, -1070.0, -2.0, -158.0, -1079.0, -3.0, 205, 133, 63
L -158.0, -1079.0, -3.0, -158.0, -1091.0, -3.0, 205, 133, 63
L -158.0, -1091.0, -3.0, -156.0, -1104.0, -3.0, 205, 133, 63
L -156.0, -1104.0, -3.0, -158.0, -1116.0, -3.0, 205, 133, 63
L -158.0, -1116.0, -3.0, -161.0, -1130.0, -3.0, 205, 133, 63
L -161.0, -1130.0, -3.0, -156.0, -1140.0, -3.0, 205, 133, 63
L -156.0, -1140.0, -3.0, -148.0, -1145.0, -2.0, 205, 133, 63
L -148.0, -1145.0, -2.0, -138.0, -1153.0, -2.0, 205, 133, 63
L -138.0, -1153.0, -2.0, -130.0, -1163.0, -2.0, 205, 133, 63
L -130.0, -1163.0, -2.0, -124.0, -1174.0, -2.0, 205, 133, 63
L -124.0, -1174.0, -2.0, -116.0, -1183.0, -1.0, 205, 133, 63
L -116.0, -1183.0, -1.0, -104.0, -1184.0, -1.0, 205, 133, 63
L -104.0, -1184.0, -1.0, -93.0, -1182.0, -1.0, 205, 133, 63
L -93.0, -1182.0, -1.0, -79.0, -1184.0, -1.0, 205, 133, 63
L -79.0, -1184.0, -1.0, -70.0, -1181.0, -1.0, 205, 133, 63
L -70.0, -1181.0, -1.0, -59.0, -1183.0, -1.0, 205, 133, 63
L -59.0, -1183.0, -1.0, -48.0, -1186.0, -1.0, 205, 133, 63
L -48.0, -1186.0, -1.0, -38.0, -1181.0, -1.0, 205, 133, 63
L -38.0, -1181.0, -1.0, -27.0, -1184.0, -1.0, 205, 133, 63
L -27.0, -1184.0, -1.0, -16.0, -1181.0, -1.0, 205, 133, 63
L -16.0, -1181.0, -1.0, -6.0, -1183.0, -1.0, 205, 133, 63
L -6.0, -1183.0, -1.0, 2.0, -1187.0, -1.0, 205, 133, 63
L 2.0, -1187.0, -1.0, 10.0, -1181.0, -1.0, 205, 133, 63
L 10.0, -1181.0, -1.0, 21.0, -1183.0, 0.0, 205, 133, 63
L 21.0, -1183.0, 0.0, 31.0, -1182.0, 0.0, 205, 133, 63
L 31.0, -1182.0, 0.0, 42.0, -1182.0, 0.0, 205, 133, 63
L 42.0, -1182.0, 0.0, 52.0, -1186.0, 0.0, 205, 133, 63
L 52.0, -1186.0, 0.0, 62.0, -1181.0, 0.0, 205, 133, 63
L 62.0, -1181.0, 0.0, 74.0, -1185.0, 0.0, 205, 133, 63
L 74.0, -1185.0, 0.0, 83.0, -1181.0, -1.0, 205, 133, 63
L 83.0, -1181.0, -1.0, 94.0, -1184.0, -1.0, 205, 133, 63
L 94.0, -1184.0, -1.0, 105.0, -1183.0, -2.0, 205, 133, 63
L 105.0, -1183.0, -2.0, 116.0, -1182.0, -3.0, 205, 133, 63
L 116.0, -1182.0, -3.0, 129.0, -1182.0, -4.0, 205, 133, 63
L 129.0, -1182.0, -4.0, 139.0, -1178.0, -5.0, 205, 133, 63
L 139.0, -1178.0, -5.0, 148.0, -1183.0, -5.0, 205, 133, 63
L 148.0, -1183.0, -5.0, 154.0, -1191.0, -6.0, 205, 133, 63
L 154.0, -1191.0, -6.0, 173.0, -1217.0, -7.0, 205, 133, 63
L 173.0, -1217.0, -7.0, 181.0, -1229.0, -7.0, 205, 133, 63
L 181.0, -1229.0, -7.0, 191.0, -1235.0, -8.0, 205, 133, 63
L 191.0, -1235.0, -8.0, 201.0, -1232.0, -8.0, 205, 133, 63
L 201.0, -1232.0, -8.0, 213.0, -1232.0, -8.0, 205, 133, 63
L 213.0, -1232.0, -8.0, 222.0, -1234.0, -8.0, 205, 133, 63
L 222.0, -1234.0, -8.0, 234.0, -1231.0, -8.0, 205, 133, 63
L 234.0, -1231.0, -8.0, 244.0, -1236.0, -7.0, 205, 133, 63
L 244.0, -1236.0, -7.0, 257.0, -1234.0, -7.0, 205, 133, 63
L 257.0, -1234.0, -7.0, 271.0, -1231.0, -6.0, 205, 133, 63
L 271.0, -1231.0, -6.0, 282.0, -1234.0, -6.0, 205, 133, 63
L 282.0, -1234.0, -6.0, 294.0, -1235.0, -5.0, 205, 133, 63
L 294.0, -1235.0, -5.0, 302.0, -1228.0, -4.0, 205, 133, 63
L 302.0, -1228.0, -4.0, 310.0, -1214.0, -4.0, 205, 133, 63
L 310.0, -1214.0, -4.0, 326.0, -1194.0, -3.0, 205, 133, 63
L 326.0, -1194.0, -3.0, 334.0, -1183.0, -3.0, 205, 133, 63
L 334.0, -1183.0, -3.0, 346.0, -1182.0, -3.0, 205, 133, 63
L 346.0, -1182.0, -3.0, 359.0, -1184.0, -2.0, 205, 133, 63
L 359.0, -1184.0, -2.0, 370.0, -1184.0, -2.0, 205, 133, 63
L 370.0, -1184.0, -2.0, 381.0, -1180.0, -2.0, 205, 133, 63
L 381.0, -1180.0, -2.0, 393.0, -1182.0, -1.0, 205, 133, 63
L 393.0, -1182.0, -1.0, 405.0, -1183.0, -1.0, 205, 133, 63
L 405.0, -1183.0, -1.0, 419.0, -1183.0, -1.0, 205, 133, 63
L 419.0, -1183.0, -1.0, 433.0, -1181.0, -2.0, 205, 133, 63
L 433.0, -1181.0, -2.0, 444.0, -1185.0, -2.0, 205, 133, 63
L 444.0, -1185.0, -2.0, 456.0, -1184.0, -2.0, 205, 133, 63
L 456.0, -1184.0, -2.0, 468.0, -1183.0, -2.0, 205, 133, 63
L 468.0, -1183.0, -2.0, 481.0, -1181.0, -2.0, 205, 133, 63
L 481.0, -1181.0, -2.0, 493.0, -1185.0, -2.0, 205, 133, 63
L 493.0, -1185.0, -2.0, 505.0, -1184.0, -2.0, 205, 133, 63
L 505.0, -1184.0, -2.0, 518.0, -1183.0, -2.0, 205, 133, 63
L 518.0, -1183.0, -2.0, 529.0, -1181.0, -2.0, 205, 133, 63
L 529.0, -1181.0, -2.0, 542.0, -1183.0, -2.0, 205, 133, 63
L 542.0, -1183.0, -2.0, 555.0, -1183.0, -2.0, 205, 133, 63
L 555.0, -1183.0, -2.0, 569.0, -1184.0, -3.0, 205, 133, 63
L 569.0, -1184.0, -3.0, 581.0, -1179.0, -3.0, 205, 133, 63
L 581.0, -1179.0, -3.0, 587.0, -1169.0, -2.0, 205, 133, 63
L 587.0, -1169.0, -2.0, 590.0, -1155.0, -2.0, 205, 133, 63
L 590.0, -1155.0, -2.0, 589.0, -1143.0, -2.0, 205, 133, 63
L 589.0, -1143.0, -2.0, 593.0, -1132.0, -2.0, 205, 133, 63
L 593.0, -1132.0, -2.0, 595.0, -1120.0, -2.0, 205, 133, 63
L 595.0, -1120.0, -2.0, 593.0, -1109.0, -2.0, 205, 133, 63
L 593.0, -1109.0, -2.0, 593.0, -1095.0, -2.0, 205, 133, 63
L 593.0, -1095.0, -2.0, 592.0, -1084.0, -2.0, 205, 133, 63
L 592.0, -1084.0, -2.0, 595.0, -1071.0, -1.0, 205, 133, 63
L 595.0, -1071.0, -1.0, 591.0, -1059.0, 0.0, 205, 133, 63
L 591.0, -1059.0, 0.0, 591.0, -1045.0, 0.0, 205, 133, 63
L 591.0, -1045.0, 0.0, 590.0, -1030.0, 0.0, 205, 133, 63
L 590.0, -1030.0, 0.0, 597.0, -1022.0, 0.0, 205, 133, 63
L 597.0, -1022.0, 0.0, 609.0, -1015.0, -1.0, 205, 133, 63
L 609.0, -1015.0, -1.0, 617.0, -1005.0, -2.0, 205, 133, 63
L 617.0, -1005.0, -2.0, 627.0, -993.0, -2.0, 205, 133, 63
L 627.0, -993.0, -2.0, 639.0, -991.0, -2.0, 205, 133, 63
L 639.0, -991.0, -2.0, 651.0, -985.0, -3.0, 205, 133, 63
L 651.0, -985.0, -3.0, 657.0, -976.0, -3.0, 205, 133, 63
L 657.0, -976.0, -3.0, 659.0, -965.0, -3.0, 205, 133, 63
L 659.0, -965.0, -3.0, 668.0, -953.0, -4.0, 205, 133, 63
L 668.0, -953.0, -4.0, 677.0, -943.0, -6.0, 205, 133, 63
L 677.0, -943.0, -6.0, 692.0, -938.0, -6.0, 205, 133, 63
L 692.0, -938.0, -6.0, 705.0, -932.0, -7.0, 205, 133, 63
L 705.0, -932.0, -7.0, 709.0, -921.0, -9.0, 205, 133, 63
L 709.0, -921.0, -9.0, 713.0, -908.0, -11.0, 205, 133, 63
L 713.0, -908.0, -11.0, 724.0, -895.0, -11.0, 205, 133, 63
L 724.0, -895.0, -11.0, 733.0, -888.0, -9.0, 205, 133, 63
L 733.0, -888.0, -9.0, 746.0, -885.0, -6.0, 205, 133, 63
L 746.0, -885.0, -6.0, 758.0, -878.0, -5.0, 205, 133, 63
L 758.0, -878.0, -5.0, 760.0, -868.0, -4.0, 205, 133, 63
L 760.0, -868.0, -4.0, 770.0, -856.0, -3.0, 205, 133, 63
L 770.0, -856.0, -3.0, 777.0, -843.0, -3.0, 205, 133, 63
L 777.0, -843.0, -3.0, 786.0, -833.0, -3.0, 205, 133, 63
L 786.0, -833.0, -3.0, 798.0, -832.0, -2.0, 205, 133, 63
L 798.0, -832.0, -2.0, 812.0, -833.0, -2.0, 205, 133, 63
L 812.0, -833.0, -2.0, 822.0, -833.0, 0.0, 205, 133, 63
L 822.0, -833.0, 0.0, 834.0, -832.0, 2.0, 205, 133, 63
L 834.0, -832.0, 2.0, 843.0, -824.0, 5.0, 205, 133, 63
L 843.0, -824.0, 5.0, 841.0, -813.0, 5.0, 205, 133, 63
L 841.0, -813.0, 5.0, 843.0, -801.0, 4.0, 205, 133, 63
L 843.0, -801.0, 4.0, 840.0, -788.0, 0.0, 205, 133, 63
L 840.0, -788.0, 0.0, 844.0, -776.0, 0.0, 205, 133, 63
L 844.0, -776.0, 0.0, 842.0, -765.0, 0.0, 205, 133, 63
L 842.0, -765.0, 0.0, 841.0, -753.0, 0.0, 205, 133, 63
L 841.0, -753.0, 0.0, 839.0, -741.0, 0.0, 205, 133, 63
L 839.0, -741.0, 0.0, 840.0, -728.0, 0.0, 205, 133, 63
L 840.0, -728.0, 0.0, 850.0, -719.0, 0.0, 205, 133, 63
L 850.0, -719.0, 0.0, 862.0, -711.0, 0.0, 205, 133, 63
L 862.0, -711.0, 0.0, 870.0, -701.0, 4.0, 205, 133, 63
L 870.0, -701.0, 4.0, 877.0, -691.0, 10.0, 205, 133, 63
L 877.0, -691.0, 10.0, 887.0, -687.0, 16.0, 205, 133, 63
L 887.0, -687.0, 16.0, 900.0, -685.0, 26.0, 205, 133, 63
L 900.0, -685.0, 26.0, 907.0, -676.0, 31.0, 205, 133, 63
L 907.0, -676.0, 31.0, 911.0, -663.0, 34.0, 205, 133, 63
L 911.0, -663.0, 34.0, 924.0, -652.0, 35.0, 205, 133, 63
L 924.0, -652.0, 35.0, 932.0, -638.0, 30.0, 205, 133, 63
L 932.0, -638.0, 30.0, 943.0, -637.0, 27.0, 205, 133, 63
L 943.0, -637.0, 27.0, 952.0, -634.0, 24.0, 205, 133, 63
L 952.0, -634.0, 24.0, 957.0, -621.0, 20.0, 205, 133, 63
L 957.0, -621.0, 20.0, 966.0, -610.0, 15.0, 205, 133, 63
L 966.0, -610.0, 15.0, 979.0, -602.0, 10.0, 205, 133, 63
L 979.0, -602.0, 10.0, 990.0, -591.0, 6.0, 205, 133, 63
L 990.0, -591.0, 6.0, 992.0, -576.0, 4.0, 205, 133, 63
L 992.0, -576.0, 4.0, 992.0, -557.0, 2.0, 205, 133, 63
L 992.0, -557.0, 2.0, 990.0, -543.0, 2.0, 205, 133, 63
L 990.0, -543.0, 2.0, 992.0, -532.0, 2.0, 205, 133, 63
L 992.0, -532.0, 2.0, 992.0, -521.0, 1.0, 205, 133, 63
L 992.0, -521.0, 1.0, 992.0, -509.0, 0.0, 205, 133, 63
L 992.0, -509.0, 0.0, 991.0, -494.0, 0.0, 205, 133, 63
L 991.0, -494.0, 0.0, 991.0, -484.0, 0.0, 205, 133, 63
L 991.0, -484.0, 0.0, 994.0, -472.0, -1.0, 205, 133, 63
L 994.0, -472.0, -1.0, 991.0, -461.0, -2.0, 205, 133, 63
L 991.0, -461.0, -2.0, 991.0, -445.0, -3.0, 205, 133, 63
L 991.0, -445.0, -3.0, 989.0, -429.0, -3.0, 205, 133, 63
L 989.0, -429.0, -3.0, 998.0, -421.0, -3.0, 205, 133, 63
L 998.0, -421.0, -3.0, 1013.0, -411.0, -3.0, 205, 133, 63
L 1013.0, -411.0, -3.0, 1025.0, -398.0, -7.0, 205, 133, 63
L 1025.0, -398.0, -7.0, 1031.0, -387.0, -10.0, 205, 133, 63
L 1031.0, -387.0, -10.0, 1041.0, -381.0, -15.0, 205, 133, 63
L 1041.0, -381.0, -15.0, 1053.0, -382.0, -18.0, 205, 133, 63
L 1053.0, -382.0, -18.0, 1065.0, -384.0, -19.0, 205, 133, 63
L 1065.0, -384.0, -19.0, 1077.0, -382.0, -21.0, 205, 133, 63
L 1077.0, -382.0, -21.0, 1089.0, -381.0, -23.0, 205, 133, 63
L 1089.0, -381.0, -23.0, 1099.0, -384.0, -26.0, 205, 133, 63
L 1099.0, -384.0, -26.0, 1110.0, -381.0, -31.0, 205, 133, 63
L 1110.0, -381.0, -31.0, 1122.0, -383.0, -31.0, 205, 133, 63
L 1122.0, -383.0, -31.0, 1133.0, -380.0, -25.0, 205, 133, 63
L 1133.0, -380.0, -25.0, 1140.0, -381.0, -21.0, 205, 133, 63
L 1140.0, -381.0, -21.0, 1146.0, -385.0, -19.0, 205, 133, 63
L 1146.0, -385.0, -19.0, 1156.0, -383.0, -14.0, 205, 133, 63
L 1156.0, -383.0, -14.0, 1167.0, -383.0, -10.0, 205, 133, 63
L 1167.0, -383.0, -10.0, 1179.0, -381.0, -9.0, 205, 133, 63
L 1179.0, -381.0, -9.0, 1191.0, -384.0, -10.0, 205, 133, 63
L 1191.0, -384.0, -10.0, 1203.0, -384.0, -7.0, 205, 133, 63
L 1203.0, -384.0, -7.0, 1216.0, -382.0, -5.0, 205, 133, 63
L 1216.0, -382.0, -5.0, 1227.0, -382.0, -5.0, 205, 133, 63
L 1227.0, -382.0, -5.0, 1238.0, -380.0, -6.0, 205, 133, 63
L 1238.0, -380.0, -6.0, 1251.0, -385.0, -5.0, 205, 133, 63
L 1251.0, -385.0, -5.0, 1264.0, -382.0, -5.0, 205, 133, 63
L 1264.0, -382.0, -5.0, 1277.0, -382.0, -5.0, 205, 133, 63
L 1277.0, -382.0, -5.0, 1290.0, -382.0, -6.0, 205, 133, 63
L 1290.0, -382.0, -6.0, 1300.0, -385.0, -5.0, 205, 133, 63
L 1300.0, -385.0, -5.0, 1315.0, -382.0, -5.0, 205, 133, 63
L 1315.0, -382.0, -5.0, 1325.0, -383.0, -4.0, 205, 133, 63
L 1325.0, -383.0, -4.0, 1337.0, -379.0, -5.0, 205, 133, 63
L 1337.0, -379.0, -5.0, 1347.0, -384.0, -4.0, 205, 133, 63
L 1347.0, -384.0, -4.0, 1357.0, -383.0, -4.0, 205, 133, 63
L 1357.0, -383.0, -4.0, 1369.0, -383.0, -4.0, 205, 133, 63
L 1369.0, -383.0, -4.0, 1380.0, -382.0, -4.0, 205, 133, 63
L 1380.0, -382.0, -4.0, 1391.0, -382.0, -3.0, 205, 133, 63
L 1391.0, -382.0, -3.0, 1401.0, -384.0, -3.0, 205, 133, 63
L 1401.0, -384.0, -3.0, 1415.0, -382.0, -4.0, 205, 133, 63
L 1415.0, -382.0, -4.0, 1431.0, -381.0, -3.0, 205, 133, 63
L 1431.0, -381.0, -3.0, 1442.0, -378.0, -3.0, 205, 133, 63
L 1442.0, -378.0, -3.0, 1450.0, -383.0, -2.0, 205, 133, 63
L 1450.0, -383.0, -2.0, 1458.0, -396.0, -2.0, 205, 133, 63
L 1458.0, -396.0, -2.0, 1468.0, -408.0, -2.0, 205, 133, 63
L 1468.0, -408.0, -2.0, 1479.0, -414.0, -2.0, 205, 133, 63
L 1479.0, -414.0, -2.0, 1486.0, -424.0, -2.0, 205, 133, 63
L 1486.0, -424.0, -2.0, 1486.0, -435.0, -2.0, 205, 133, 63
L 1486.0, -435.0, -2.0, 1491.0, -445.0, -2.0, 205, 133, 63
L 1491.0, -445.0, -2.0, 1502.0, -449.0, -2.0, 205, 133, 63
L 1502.0, -449.0, -2.0, 1514.0, -454.0, -2.0, 205, 133, 63
L 1514.0, -454.0, -2.0, 1521.0, -463.0, -2.0, 205, 133, 63
L 1521.0, -463.0, -2.0, 1534.0, -466.0, -2.0, 205, 133, 63
L 1534.0, -466.0, -2.0, 1544.0, -469.0, -2.0, 205, 133, 63
L 1544.0, -469.0, -2.0, 1547.0, -477.0, -2.0, 205, 133, 63
L 1547.0, -477.0, -2.0, 1547.0, -491.0, -2.0, 205, 133, 63
L 1547.0, -491.0, -2.0, 1556.0, -500.0, -2.0, 205, 133, 63
L 1556.0, -500.0, -2.0, 1568.0, -508.0, -2.0, 205, 133, 63
L 1568.0, -508.0, -2.0, 1579.0, -516.0, -2.0, 205, 133, 63
L 1579.0, -516.0, -2.0, 1590.0, -519.0, -2.0, 205, 133, 63
L 1590.0, -519.0, -2.0, 1594.0, -529.0, -2.0, 205, 133, 63
L 1594.0, -529.0, -2.0, 1598.0, -543.0, -2.0, 205, 133, 63
L 1598.0, -543.0, -2.0, 1607.0, -551.0, -2.0, 205, 133, 63
L 1607.0, -551.0, -2.0, 1620.0, -562.0, -2.0, 205, 133, 63
L 1620.0, -562.0, -2.0, 1632.0, -565.0, -2.0, 205, 133, 63
L 1632.0, -565.0, -2.0, 1642.0, -573.0, -3.0, 205, 133, 63
L 1642.0, -573.0, -3.0, 1644.0, -588.0, -3.0, 205, 133, 63
L 1644.0, -588.0, -3.0, 1656.0, -598.0, -3.0, 205, 133, 63
L 1656.0, -598.0, -3.0, 1665.0, -607.0, -4.0, 205, 133, 63
L 1665.0, -607.0, -4.0, 1678.0, -614.0, -4.0, 205, 133, 63
L 1678.0, -614.0, -4.0, 1690.0, -616.0, -3.0, 205, 133, 63
L 1690.0, -616.0, -3.0, 1694.0, -626.0, -4.0, 205, 133, 63
L 1694.0, -626.0, -4.0, 1698.0, -642.0, -4.0, 205, 133, 63
L 1698.0, -642.0, -4.0, 1715.0, -655.0, -4.0, 205, 133, 63
L 1715.0, -655.0, -4.0, 1731.0, -666.0, -3.0, 205, 133, 63
L 1731.0, -666.0, -3.0, 1741.0, -673.0, -3.0, 205, 133, 63
L 1741.0, -673.0, -3.0, 1740.0, -692.0, -3.0, 205, 133, 63
L 1740.0, -692.0, -3.0, 1739.0, -706.0, -3.0, 205, 133, 63
L 1739.0, -706.0, -3.0, 1743.0, -718.0, -3.0, 205, 133, 63
L 1743.0, -718.0, -3.0, 1742.0, -731.0, -3.0, 205, 133, 63
L 1742.0, -731.0, -3.0, 1740.0, -745.0, -3.0, 205, 133, 63
L 1740.0, -745.0, -3.0, 1741.0, -760.0, -3.0, 205, 133, 63
L 1741.0, -760.0, -3.0, 1744.0, -773.0, -2.0, 205, 133, 63
L 1744.0, -773.0, -2.0, 1741.0, -781.0, -2.0, 205, 133, 63
L 1741.0, -781.0, -2.0, 1735.0, -789.0, -2.0, 205, 133, 63
L 1735.0, -789.0, -2.0, 1739.0, -799.0, -2.0, 205, 133, 63
L 1739.0, -799.0, -2.0, 1739.0, -810.0, -2.0, 205, 133, 63
L 1739.0, -810.0, -2.0, 1744.0, -822.0, -2.0, 205, 133, 63
L 1744.0, -822.0, -2.0, 1739.0, -834.0, -2.0, 205, 133, 63
L 1739.0, -834.0, -2.0, 1739.0, -846.0, -2.0, 205, 133, 63
L 1739.0, -846.0, -2.0, 1740.0, -862.0, -2.0, 205, 133, 63
L 1740.0, -862.0, -2.0, 1743.0, -872.0, -2.0, 205, 133, 63
L 1743.0, -872.0, -2.0, 1739.0, -887.0, -2.0, 205, 133, 63
L 1739.0, -887.0, -2.0, 1741.0, -898.0, -2.0, 205, 133, 63
L 1741.0, -898.0, -2.0, 1740.0, -911.0, -2.0, 205, 133, 63
L 1740.0, -911.0, -2.0, 1744.0, -922.0, -2.0, 205, 133, 63
L 1744.0, -922.0, -2.0, 1741.0, -933.0, -2.0, 205, 133, 63
L 1741.0, -933.0, -2.0, 1740.0, -945.0, -2.0, 205, 133, 63
L 1740.0, -945.0, -2.0, 1742.0, -957.0, -2.0, 205, 133, 63
L 1742.0, -957.0, -2.0, 1741.0, -968.0, -2.0, 205, 133, 63
L 1741.0, -968.0, -2.0, 1739.0, -984.0, -2.0, 205, 133, 63
L 1739.0, -984.0, -2.0, 1743.0, -994.0, -2.0, 205, 133, 63
L 1743.0, -994.0, -2.0, 1756.0, -1003.0, -2.0, 205, 133, 63
L 1756.0, -1003.0, -2.0, 1767.0, -1008.0, -2.0, 205, 133, 63
L 1767.0, -1008.0, -2.0, 1778.0, -1015.0, -2.0, 205, 133, 63
L 1778.0, -1015.0, -2.0, 1784.0, -1024.0, -2.0, 205, 133, 63
L 1784.0, -1024.0, -2.0, 1787.0, -1036.0, -2.0, 205, 133, 63
L 1787.0, -1036.0, -2.0, 1794.0, -1047.0, -2.0, 205, 133, 63
L 1794.0, -1047.0, -2.0, 1805.0, -1051.0, -2.0, 205, 133, 63
L 1805.0, -1051.0, -2.0, 1815.0, -1056.0, -2.0, 205, 133, 63
L 1815.0, -1056.0, -2.0, 1826.0, -1064.0, 0.0, 205, 133, 63
L 1826.0, -1064.0, 0.0, 1834.0, -1072.0, 1.0, 205, 133, 63
L 1834.0, -1072.0, 1.0, 1836.0, -1083.0, 3.0, 205, 133, 63
L 1836.0, -1083.0, 3.0, 1840.0, -1096.0, 4.0, 205, 133, 63
L 1840.0, -1096.0, 4.0, 1850.0, -1100.0, 4.0, 205, 133, 63
L 1850.0, -1100.0, 4.0, 1862.0, -1103.0, 5.0, 205, 133, 63
L 1862.0, -1103.0, 5.0, 1871.0, -1112.0, 6.0, 205, 133, 63
L 1871.0, -1112.0, 6.0, 1877.0, -1123.0, 8.0, 205, 133, 63
L 1877.0, -1123.0, 8.0, 1883.0, -1134.0, 10.0, 205, 133, 63
L 1883.0, -1134.0, 10.0, 1896.0, -1139.0, 10.0, 205, 133, 63
L 1896.0, -1139.0, 10.0, 1907.0, -1137.0, 9.0, 205, 133, 63
L 1907.0, -1137.0, 9.0, 1921.0, -1135.0, 8.0, 205, 133, 63
L 1921.0, -1135.0, 8.0, 1934.0, -1133.0, 10.0, 205, 133, 63
L 1934.0, -1133.0, 10.0, 1945.0, -1136.0, 10.0, 205, 133, 63
L 1945.0, -1136.0, 10.0, 1958.0, -1133.0, 10.0, 205, 133, 63
L 1958.0, -1133.0, 10.0, 1970.0, -1132.0, 10.0, 205, 133, 63
L 1970.0, -1132.0, 10.0, 1982.0, -1132.0, 9.0, 205, 133, 63
L 1982.0, -1132.0, 9.0, 1988.0, -1132.0, 8.0, 205, 133, 63
L 841.0, -832.0, 4.0, 838.0, -841.0, 4.0, 205, 133, 63
L 838.0, -841.0, 4.0, 840.0, -848.0, 5.0, 205, 133, 63
L 840.0, -848.0, 5.0, 841.0, -857.0, 6.0, 205, 133, 63
L 841.0, -857.0, 6.0, 840.0, -865.0, 6.0, 205, 133, 63
L 840.0, -865.0, 6.0, 842.0, -874.0, 7.0, 205, 133, 63
L 842.0, -874.0, 7.0, 841.0, -883.0, 6.0, 205, 133, 63
L 841.0, -883.0, 6.0, 844.0, -893.0, 8.0, 205, 133, 63
L 844.0, -893.0, 8.0, 842.0, -901.0, 7.0, 205, 133, 63
L 842.0, -901.0, 7.0, 838.0, -908.0, 5.0, 205, 133, 63
L 838.0, -908.0, 5.0, 842.0, -916.0, 7.0, 205, 133, 63
L 842.0, -916.0, 7.0, 842.0, -925.0, 7.0, 205, 133, 63
L 842.0, -925.0, 7.0, 843.0, -933.0, 8.0, 205, 133, 63
L 843.0, -933.0, 8.0, 846.0, -941.0, 9.0, 205, 133, 63
L 846.0, -941.0, 9.0, 841.0, -950.0, 7.0, 205, 133, 63
L 841.0, -950.0, 7.0, 843.0, -959.0, 8.0, 205, 133, 63
L 843.0, -959.0, 8.0, 841.0, -967.0, 8.0, 205, 133, 63
L 841.0, -967.0, 8.0, 845.0, -977.0, 9.0, 205, 133, 63
L 845.0, -977.0, 9.0, 844.0, -987.0, 7.0, 205, 133, 63
L 844.0, -987.0, 7.0, 841.0, -996.0, 5.0, 205, 133, 63
L 841.0, -996.0, 5.0, 842.0, -1006.0, 3.0, 205, 133, 63
L 842.0, -1006.0, 3.0, 841.0, -1019.0, 2.0, 205, 133, 63
L 841.0, -1019.0, 2.0, 841.0, -1030.0, 2.0, 205, 133, 63
L 841.0, -1030.0, 2.0, 847.0, -1041.0, 0.0, 205, 133, 63
L 847.0, -1041.0, 0.0, 859.0, -1050.0, 0.0, 205, 133, 63
L 859.0, -1050.0, 0.0, 872.0, -1059.0, -2.0, 205, 133, 63
L 872.0, -1059.0, -2.0, 882.0, -1066.0, -2.0, 205, 133, 63
L 882.0, -1066.0, -2.0, 885.0, -1078.0, -2.0, 205, 133, 63
L 885.0, -1078.0, -2.0, 886.0, -1089.0, -2.0, 205, 133, 63
L 886.0, -1089.0, -2.0, 894.0, -1097.0, -1.0, 205, 133, 63
L 894.0, -1097.0, -1.0, 916.0, -1107.0, 0.0, 205, 133, 63
L 916.0, -1107.0, 0.0, 928.0, -1115.0, 1.0, 205, 133, 63
L 928.0, -1115.0, 1.0, 935.0, -1126.0, 3.0, 205, 133, 63
L 935.0, -1126.0, 3.0, 935.0, -1140.0, 4.0, 205, 133, 63
L 935.0, -1140.0, 4.0, 942.0, -1147.0, 6.0, 205, 133, 63
L 942.0, -1147.0, 6.0, 953.0, -1150.0, 7.0, 205, 133, 63
L 953.0, -1150.0, 7.0, 963.0, -1155.0, 9.0, 205, 133, 63
L 963.0, -1155.0, 9.0, 972.0, -1162.0, 9.0, 205, 133, 63
L 972.0, -1162.0, 9.0, 987.0, -1169.0, 9.0, 205, 133, 63
L 987.0, -1169.0, 9.0, 993.0, -1178.0, 9.0, 205, 133, 63
L 993.0, -1178.0, 9.0, 992.0, -1189.0, 10.0, 205, 133, 63
L 992.0, -1189.0, 10.0, 990.0, -1203.0, 11.0, 205, 133, 63
L 990.0, -1203.0, 11.0, 992.0, -1214.0, 11.0, 205, 133, 63
L 992.0, -1214.0, 11.0, 993.0, -1224.0, 10.0, 205, 133, 63
L 993.0, -1224.0, 10.0, 990.0, -1235.0, 9.0, 205, 133, 63
L 990.0, -1235.0, 9.0, 991.0, -1245.0, 9.0, 205, 133, 63
L 991.0, -1245.0, 9.0, 992.0, -1256.0, 8.0, 205, 133, 63
L 992.0, -1256.0, 8.0, 992.0, -1266.0, 6.0, 205, 133, 63
L 992.0, -1266.0, 6.0, 995.0, -1277.0, 4.0, 205, 133, 63
L 995.0, -1277.0, 4.0, 993.0, -1287.0, 3.0, 205, 133, 63
L 993.0, -1287.0, 3.0, 984.0, -1294.0, 2.0, 205, 133, 63
L 984.0, -1294.0, 2.0, 975.0, -1296.0, 3.0, 205, 133, 63
L 975.0, -1296.0, 3.0, 963.0, -1308.0, 1.0, 205, 133, 63
L 963.0, -1308.0, 1.0, 958.0, -1317.0, 1.0, 205, 133, 63
L 958.0, -1317.0, 1.0, 956.0, -1326.0, 0.0, 205, 133, 63
L 956.0, -1326.0, 0.0, 954.0, -1335.0, 0.0, 205, 133, 63
L 954.0, -1335.0, 0.0, 947.0, -1333.0, 0.0, 205, 133, 63
L 947.0, -1333.0, 0.0, 942.0, -1331.0, 0.0, 205, 133, 63
L 942.0, -1331.0, 0.0, 929.0, -1338.0, -1.0, 205, 133, 63
L 929.0, -1338.0, -1.0, 921.0, -1347.0, -1.0, 205, 133, 63
L 921.0, -1347.0, -1.0, 914.0, -1357.0, -2.0, 205, 133, 63
L 914.0, -1357.0, -2.0, 911.0, -1367.0, -2.0, 205, 133, 63
L 911.0, -1367.0, -2.0, 908.0, -1378.0, -2.0, 205, 133, 63
L 908.0, -1378.0, -2.0, 901.0, -1386.0, -2.0, 205, 133, 63
L 901.0, -1386.0, -2.0, 891.0, -1384.0, -2.0, 205, 133, 63
L 891.0, -1384.0, -2.0, 881.0, -1388.0, -2.0, 205, 133, 63
L 881.0, -1388.0, -2.0, 873.0, -1400.0, -2.0, 205, 133, 63
L 873.0, -1400.0, -2.0, 866.0, -1407.0, -2.0, 205, 133, 63
L 866.0, -1407.0, -2.0, 858.0, -1418.0, -2.0, 205, 133, 63
L 858.0, -1418.0, -2.0, 856.0, -1429.0, -2.0, 205, 133, 63
L 856.0, -1429.0, -2.0, 850.0, -1435.0, -2.0, 205, 133, 63
L 850.0, -1435.0, -2.0, 837.0, -1439.0, -2.0, 205, 133, 63
L 837.0, -1439.0, -2.0, 828.0, -1446.0, -2.0, 205, 133, 63
L 828.0, -1446.0, -2.0, 814.0, -1461.0, -2.0, 205, 133, 63
L 814.0, -1461.0, -2.0, 809.0, -1471.0, -1.0, 205, 133, 63
L 809.0, -1471.0, -1.0, 805.0, -1480.0, 0.0, 205, 133, 63
L 805.0, -1480.0, 0.0, 795.0, -1484.0, 0.0, 205, 133, 63
L 795.0, -1484.0, 0.0, 785.0, -1487.0, -1.0, 205, 133, 63
L 785.0, -1487.0, -1.0, 748.0, -1517.0, 0.0, 205, 133, 63
L 748.0, -1517.0, 0.0, 740.0, -1527.0, -1.0, 205, 133, 63
L 740.0, -1527.0, -1.0, 739.0, -1544.0, 0.0, 205, 133, 63
L 739.0, -1544.0, 0.0, 739.0, -1554.0, 3.0, 205, 133, 63
L 739.0, -1554.0, 3.0, 741.0, -1565.0, 4.0, 205, 133, 63
L 741.0, -1565.0, 4.0, 741.0, -1576.0, 3.0, 205, 133, 63
L 741.0, -1576.0, 3.0, 740.0, -1587.0, 3.0, 205, 133, 63
L 740.0, -1587.0, 3.0, 740.0, -1598.0, 1.0, 205, 133, 63
L 740.0, -1598.0, 1.0, 741.0, -1615.0, 0.0, 205, 133, 63
L 741.0, -1615.0, 0.0, 742.0, -1626.0, -3.0, 205, 133, 63
L 742.0, -1626.0, -3.0, 739.0, -1638.0, -7.0, 205, 133, 63
L 739.0, -1638.0, -7.0, 741.0, -1648.0, -12.0, 205, 133, 63
L 741.0, -1648.0, -12.0, 741.0, -1661.0, -18.0, 205, 133, 63
L 741.0, -1661.0, -18.0, 744.0, -1673.0, -22.0, 205, 133, 63
L 744.0, -1673.0, -22.0, 741.0, -1682.0, -25.0, 205, 133, 63
L 741.0, -1682.0, -25.0, 740.0, -1692.0, -31.0, 205, 133, 63
L 740.0, -1692.0, -31.0, 743.0, -1703.0, -39.0, 205, 133, 63
L 743.0, -1703.0, -39.0, 742.0, -1714.0, -41.0, 205, 133, 63
L 742.0, -1714.0, -41.0, 746.0, -1725.0, -41.0, 205, 133, 63
L 746.0, -1725.0, -41.0, 755.0, -1731.0, -44.0, 205, 133, 63
L 755.0, -1731.0, -44.0, 766.0, -1733.0, -48.0, 205, 133, 63
L 766.0, -1733.0, -48.0, 776.0, -1732.0, -43.0, 205, 133, 63
L 776.0, -1732.0, -43.0, 788.0, -1731.0, -36.0, 205, 133, 63
L 788.0, -1731.0, -36.0, 799.0, -1733.0, -33.0, 205, 133, 63
L 799.0, -1733.0, -33.0, 812.0, -1733.0, -32.0, 205, 133, 63
L 812.0, -1733.0, -32.0, 825.0, -1733.0, -29.0, 205, 133, 63
L 825.0, -1733.0, -29.0, 837.0, -1733.0, -26.0, 205, 133, 63
L 837.0, -1733.0, -26.0, 850.0, -1735.0, -19.0, 205, 133, 63
L 850.0, -1735.0, -19.0, 862.0, -1733.0, -12.0, 205, 133, 63
L 862.0, -1733.0, -12.0, 877.0, -1732.0, -11.0, 205, 133, 63
L 877.0, -1732.0, -11.0, 888.0, -1732.0, -12.0, 205, 133, 63
L 888.0, -1732.0, -12.0, 898.0, -1736.0, -14.0, 205, 133, 63
L 898.0, -1736.0, -14.0, 910.0, -1732.0, -15.0, 205, 133, 63
L 910.0, -1732.0, -15.0, 921.0, -1734.0, -16.0, 205, 133, 63
L 921.0, -1734.0, -16.0, 936.0, -1730.0, -16.0, 205, 133, 63
L 936.0, -1730.0, -16.0, 945.0, -1735.0, -18.0, 205, 133, 63
L 945.0, -1735.0, -18.0, 957.0, -1734.0, -19.0, 205, 133, 63
L 957.0, -1734.0, -19.0, 969.0, -1734.0, -19.0, 205, 133, 63
L 969.0, -1734.0, -19.0, 980.0, -1732.0, -18.0, 205, 133, 63
L 980.0, -1732.0, -18.0, 990.0, -1733.0, -17.0, 205, 133, 63
L 990.0, -1733.0, -17.0, 1000.0, -1736.0, -17.0, 205, 133, 63
L 1000.0, -1736.0, -17.0, 1014.0, -1731.0, -15.0, 205, 133, 63
L 1014.0, -1731.0, -15.0, 1027.0, -1732.0, -13.0, 205, 133, 63
L 1027.0, -1732.0, -13.0, 1039.0, -1728.0, -11.0, 205, 133, 63
L 1039.0, -1728.0, -11.0, 1050.0, -1732.0, -9.0, 205, 133, 63
L 1050.0, -1732.0, -9.0, 1056.0, -1742.0, -9.0, 205, 133, 63
L 1056.0, -1742.0, -9.0, 1062.0, -1753.0, -8.0, 205, 133, 63
L 1062.0, -1753.0, -8.0, 1070.0, -1762.0, -7.0, 205, 133, 63
L 1070.0, -1762.0, -7.0, 1084.0, -1766.0, -5.0, 205, 133, 63
L 1084.0, -1766.0, -5.0, 1094.0, -1772.0, -4.0, 205, 133, 63
L 1094.0, -1772.0, -4.0, 1095.0, -1783.0, -3.0, 205, 133, 63
L 1095.0, -1783.0, -3.0, 1101.0, -1795.0, -3.0, 205, 133, 63
L 1101.0, -1795.0, -3.0, 1113.0, -1805.0, -2.0, 205, 133, 63
L 1113.0, -1805.0, -2.0, 1124.0, -1812.0, -2.0, 205, 133, 63
L 1124.0, -1812.0, -2.0, 1135.0, -1819.0, -2.0, 205, 133, 63
L 1135.0, -1819.0, -2.0, 1143.0, -1828.0, -2.0, 205, 133, 63
L 1143.0, -1828.0, -2.0, 1142.0, -1841.0, -2.0, 205, 133, 63
L 1142.0, -1841.0, -2.0, 1141.0, -1858.0, -2.0, 205, 133, 63
L 1141.0, -1858.0, -2.0, 1145.0, -1872.0, -2.0, 205, 133, 63
L 1145.0, -1872.0, -2.0, 1140.0, -1884.0, -2.0, 205, 133, 63
L 1140.0, -1884.0, -2.0, 1142.0, -1896.0, -2.0, 205, 133, 63
L 1142.0, -1896.0, -2.0, 1141.0, -1918.0, -2.0, 205, 133, 63
L 1141.0, -1918.0, -2.0, 1141.0, -1926.0, -2.0, 205, 133, 63
L 1141.0, -1926.0, -2.0, 1141.0, -1928.0, -3.0, 205, 133, 63
L -757.0, -400.0, -2.0, -759.0, -391.0, -2.0, 205, 133, 63
L -759.0, -391.0, -2.0, -755.0, -381.0, -3.0, 205, 133, 63
L -755.0, -381.0, -3.0, -754.0, -372.0, -3.0, 205, 133, 63
L -754.0, -372.0, -3.0, -757.0, -360.0, -3.0, 205, 133, 63
L -757.0, -360.0, -3.0, -757.0, -348.0, -3.0, 205, 133, 63
L -757.0, -348.0, -3.0, -754.0, -336.0, -5.0, 205, 133, 63
L -754.0, -336.0, -5.0, -756.0, -327.0, -5.0, 205, 133, 63
L -756.0, -327.0, -5.0, -764.0, -320.0, -5.0, 205, 133, 63
L -764.0, -320.0, -5.0, -775.0, -313.0, -4.0, 205, 133, 63
L -775.0, -313.0, -4.0, -785.0, -305.0, -3.0, 205, 133, 63
L -785.0, -305.0, -3.0, -795.0, -300.0, -3.0, 205, 133, 63
L -795.0, -300.0, -3.0, -806.0, -296.0, -3.0, 205, 133, 63
L -806.0, -296.0, -3.0, -810.0, -287.0, -3.0, 205, 133, 63
L -810.0, -287.0, -3.0, -813.0, -273.0, -2.0, 205, 133, 63
L -659.0, -535.0, -3.0, -657.0, -547.0, -3.0, 205, 133, 63
L -657.0, -547.0, -3.0, -660.0, -564.0, -3.0, 205, 133, 63
L -660.0, -564.0, -3.0, -656.0, -573.0, -3.0, 205, 133, 63
L -656.0, -573.0, -3.0, -660.0, -583.0, -3.0, 205, 133, 63
L -660.0, -583.0, -3.0, -660.0, -593.0, -3.0, 205, 133, 63
L -660.0, -593.0, -3.0, -657.0, -603.0, -4.0, 205, 133, 63
L -657.0, -603.0, -4.0, -656.0, -621.0, -4.0, 205, 133, 63
L -656.0, -621.0, -4.0, -655.0, -634.0, -4.0, 205, 133, 63
L -655.0, -634.0, -4.0, -661.0, -643.0, -4.0, 205, 133, 63
L -661.0, -643.0, -4.0, -672.0, -650.0, -4.0, 205, 133, 63
L -672.0, -650.0, -4.0, -684.0, -658.0, -3.0, 205, 133, 63
L -684.0, -658.0, -3.0, -688.0, -667.0, -3.0, 205, 133, 63
L -688.0, -667.0, -3.0, -691.0, -677.0, -3.0, 205, 133, 63
L -691.0, -677.0, -3.0, -697.0, -684.0, -3.0, 205, 133, 63
L -697.0, -684.0, -3.0, -706.0, -686.0, -3.0, 205, 133, 63
L -706.0, -686.0, -3.0, -718.0, -689.0, -2.0, 205, 133, 63
L -718.0, -689.0, -2.0, -725.0, -696.0, -2.0, 205, 133, 63
L -725.0, -696.0, -2.0, -732.0, -705.0, -2.0, 205, 133, 63
L -732.0, -705.0, -2.0, -740.0, -727.0, 0.0, 205, 133, 63
L -740.0, -727.0, 0.0, -756.0, -737.0, -3.0, 205, 133, 63
L -756.0, -737.0, -3.0, -769.0, -741.0, -3.0, 205, 133, 63
L -769.0, -741.0, -3.0, -777.0, -750.0, -3.0, 205, 133, 63
L -777.0, -750.0, -3.0, -783.0, -757.0, -3.0, 205, 133, 63
L -783.0, -757.0, -3.0, -810.0, -785.0, -3.0, 205, 133, 63
L -810.0, -785.0, -3.0, -809.0, -805.0, -3.0, 205, 133, 63
L -809.0, -805.0, -3.0, -805.0, -818.0, -3.0, 205, 133, 63
L -805.0, -818.0, -3.0, -808.0, -828.0, -3.0, 205, 133, 63
L -808.0, -828.0, -3.0, -810.0, -840.0, -3.0, 205, 133, 63
L -810.0, -840.0, -3.0, -809.0, -851.0, -4.0, 205, 133, 63
L -809.0, -851.0, -4.0, -809.0, -861.0, -4.0, 205, 133, 63
L -809.0, -861.0, -4.0, -804.0, -871.0, -4.0, 205, 133, 63
L -804.0, -871.0, -4.0, -808.0, -881.0, -4.0, 205, 133, 63
L -808.0, -881.0, -4.0, -808.0, -892.0, -4.0, 205, 133, 63
L -808.0, -892.0, -4.0, -808.0, -904.0, -4.0, 205, 133, 63
L -808.0, -904.0, -4.0, -805.0, -915.0, -4.0, 205, 133, 63
L -805.0, -915.0, -4.0, -805.0, -926.0, -4.0, 205, 133, 63
L -805.0, -926.0, -4.0, -809.0, -937.0, -4.0, 205, 133, 63
L -809.0, -937.0, -4.0, -807.0, -949.0, -4.0, 205, 133, 63
L -807.0, -949.0, -4.0, -808.0, -961.0, -4.0, 205, 133, 63
L -808.0, -961.0, -4.0, -804.0, -972.0, -4.0, 205, 133, 63
L -804.0, -972.0, -4.0, -808.0, -981.0, -4.0, 205, 133, 63
L -808.0, -981.0, -4.0, -808.0, -992.0, -4.0, 205, 133, 63
L -808.0, -992.0, -4.0, -807.0, -1004.0, -3.0, 205, 133, 63
L -807.0, -1004.0, -3.0, -805.0, -1015.0, -3.0, 205, 133, 63
L -805.0, -1015.0, -3.0, -804.0, -1026.0, -3.0, 205, 133, 63
L -804.0, -1026.0, -3.0, -809.0, -1035.0, -3.0, 205, 133, 63
L -809.0, -1035.0, -3.0, -808.0, -1046.0, -3.0, 205, 133, 63
L -808.0, -1046.0, -3.0, -808.0, -1057.0, -3.0, 205, 133, 63
L -808.0, -1057.0, -3.0, -806.0, -1068.0, -3.0, 205, 133, 63
L -806.0, -1068.0, -3.0, -803.0, -1078.0, -3.0, 205, 133, 63
L -803.0, -1078.0, -3.0, -809.0, -1088.0, -2.0, 205, 133, 63
L -809.0, -1088.0, -2.0, -807.0, -1100.0, -2.0, 205, 133, 63
L -807.0, -1100.0, -2.0, -808.0, -1111.0, -2.0, 205, 133, 63
L -808.0, -1111.0, -2.0, -807.0, -1120.0, -2.0, 205, 133, 63
L -807.0, -1120.0, -2.0, -807.0, -1120.0, -3.0, 205, 133, 63
L -1904.0, -1135.0, -2.0, -1928.0, -1132.0, -2.0, 205, 133, 63
L -1928.0, -1132.0, -2.0, -1940.0, -1132.0, -2.0, 205, 133, 63
L -1940.0, -1132.0, -2.0, -1949.0, -1137.0, -2.0, 205, 133, 63
L -1949.0, -1137.0, -2.0, -1957.0, -1135.0, -2.0, 205, 133, 63
L -1957.0, -1135.0, -2.0, -1968.0, -1131.0, -2.0, 205, 133, 63
L -1968.0, -1131.0, -2.0, -1978.0, -1134.0, -2.0, 205, 133, 63
L -1978.0, -1134.0, -2.0, -1988.0, -1131.0, -2.0, 205, 133, 63
L -1988.0, -1131.0, -2.0, -2002.0, -1135.0, -2.0, 205, 133, 63
L -2002.0, -1135.0, -2.0, -2010.0, -1131.0, -2.0, 205, 133, 63
L -2010.0, -1131.0, -2.0, -2019.0, -1132.0, -2.0, 205, 133, 63
L -2019.0, -1132.0, -2.0, -2031.0, -1133.0, -2.0, 205, 133, 63
L -2031.0, -1133.0, -2.0, -2042.0, -1132.0, -2.0, 205, 133, 63
L -2042.0, -1132.0, -2.0, -2050.0, -1137.0, -2.0, 205, 133, 63
L -2050.0, -1137.0, -2.0, -2057.0, -1131.0, -2.0, 205, 133, 63
L -2057.0, -1131.0, -2.0, -2068.0, -1133.0, -2.0, 205, 133, 63
L -2068.0, -1133.0, -2.0, -2079.0, -1134.0, -3.0, 205, 133, 63
L -2079.0, -1134.0, -3.0, -2090.0, -1133.0, -3.0, 205, 133, 63
L -2090.0, -1133.0, -3.0, -2099.0, -1137.0, -3.0, 205, 133, 63
L -2099.0, -1137.0, -3.0, -2108.0, -1131.0, -3.0, 205, 133, 63
L -2108.0, -1131.0, -3.0, -2119.0, -1132.0, -4.0, 205, 133, 63
L -2119.0, -1132.0, -4.0, -2130.0, -1134.0, -4.0, 205, 133, 63
L -2130.0, -1134.0, -4.0, -2144.0, -1132.0, -5.0, 205, 133, 63
L -2144.0, -1132.0, -5.0, -2154.0, -1129.0, -5.0, 205, 133, 63
L -2154.0, -1129.0, -5.0, -2164.0, -1132.0, -5.0, 205, 133, 63
L -2164.0, -1132.0, -5.0, -2172.0, -1141.0, -6.0, 205, 133, 63
L -2172.0, -1141.0, -6.0, -2178.0, -1151.0, -7.0, 205, 133, 63
L -2178.0, -1151.0, -7.0, -2186.0, -1162.0, -8.0, 205, 133, 63
L -2186.0, -1162.0, -8.0, -2193.0, -1170.0, -8.0, 205, 133, 63
L -2193.0, -1170.0, -8.0, -2200.0, -1181.0, -8.0, 205, 133, 63
L -2200.0, -1181.0, -8.0, -2211.0, -1184.0, -8.0, 205, 133, 63
L -2211.0, -1184.0, -8.0, -2219.0, -1181.0, -7.0, 205, 133, 63
L -2219.0, -1181.0, -7.0, -2231.0, -1181.0, -7.0, 205, 133, 63
L -2231.0, -1181.0, -7.0, -2243.0, -1185.0, -6.0, 205, 133, 63
L -2243.0, -1185.0, -6.0, -2253.0, -1185.0, -6.0, 205, 133, 63
L -2253.0, -1185.0, -6.0, -2263.0, -1180.0, -5.0, 205, 133, 63
L -2263.0, -1180.0, -5.0, -2272.0, -1184.0, -4.0, 205, 133, 63
L -2272.0, -1184.0, -4.0, -2283.0, -1181.0, -4.0, 205, 133, 63
L -2283.0, -1181.0, -4.0, -2293.0, -1185.0, -3.0, 205, 133, 63
L -2293.0, -1185.0, -3.0, -2303.0, -1182.0, -3.0, 205, 133, 63
L -2303.0, -1182.0, -3.0, -2314.0, -1181.0, -3.0, 205, 133, 63
L -2314.0, -1181.0, -3.0, -2327.0, -1184.0, -2.0, 205, 133, 63
L -2327.0, -1184.0, -2.0, -2339.0, -1183.0, -2.0, 205, 133, 63
L -2339.0, -1183.0, -2.0, -2349.0, -1186.0, -2.0, 205, 133, 63
L -2349.0, -1186.0, -2.0, -2359.0, -1180.0, -1.0, 205, 133, 63
L -2359.0, -1180.0, -1.0, -2373.0, -1183.0, -1.0, 205, 133, 63
L -2373.0, -1183.0, -1.0, -2386.0, -1181.0, -1.0, 205, 133, 63
L -2386.0, -1181.0, -1.0, -2396.0, -1186.0, -2.0, 205, 133, 63
L -2396.0, -1186.0, -2.0, -2405.0, -1179.0, -2.0, 205, 133, 63
L -2405.0, -1179.0, -2.0, -2415.0, -1179.0, -2.0, 205, 133, 63
L -2415.0, -1179.0, -2.0, -2426.0, -1182.0, -2.0, 205, 133, 63
L -2426.0, -1182.0, -2.0, -2440.0, -1181.0, -2.0, 205, 133, 63
L -2440.0, -1181.0, -2.0, -2448.0, -1185.0, -2.0, 205, 133, 63
L -2448.0, -1185.0, -2.0, -2458.0, -1181.0, -2.0, 205, 133, 63
L -2458.0, -1181.0, -2.0, -2470.0, -1182.0, -2.0, 205, 133, 63
L -2470.0, -1182.0, -2.0, -2481.0, -1183.0, -2.0, 205, 133, 63
L -2481.0, -1183.0, -2.0, -2492.0, -1183.0, -2.0, 205, 133, 63
L -2492.0, -1183.0, -2.0, -2503.0, -1184.0, -2.0, 205, 133, 63
L -2503.0, -1184.0, -2.0, -2513.0, -1180.0, -2.0, 205, 133, 63
L -2513.0, -1180.0, -2.0, -2531.0, -1179.0, -2.0, 205, 133, 63
L -2531.0, -1179.0, -2.0, -2542.0, -1180.0, -3.0, 205, 133, 63
L -2542.0, -1180.0, -3.0, -2550.0, -1184.0, -3.0, 205, 133, 63
L -2550.0, -1184.0, -3.0, -2560.0, -1181.0, -3.0, 205, 133, 63
L -2560.0, -1181.0, -3.0, -2571.0, -1184.0, -3.0, 205, 133, 63
L -2571.0, -1184.0, -3.0, -2581.0, -1183.0, -3.0, 205, 133, 63
L -2581.0, -1183.0, -3.0, -2593.0, -1184.0, -3.0, 205, 133, 63
L -2593.0, -1184.0, -3.0, -2599.0, -1185.0, -3.0, 205, 133, 63
L -2853.0, -1320.0, -1.0, -2816.0, -1357.0, -2.0, 0, 0, 0
L -2816.0, -1357.0, -2.0, -2852.0, -1394.0, -4.0, 0, 0, 0
L -2852.0, -1394.0, -4.0, -2890.0, -1358.0, -4.0, 0, 0, 0
L -2866.0, -1335.0, -1.0, -2863.0, -1337.0, -1.0, 0, 0, 0
L -2863.0, -1337.0, -1.0, -2853.0, -1327.0, -1.0, 0, 0, 0
L -2853.0, -1327.0, -1.0, -2822.0, -1357.0, -1.0, 0, 0, 0
L -2822.0, -1357.0, -1.0, -2852.0, -1387.0, -1.0, 0, 0, 0
L -2852.0, -1387.0, -1.0, -2883.0, -1358.0, -1.0, 0, 0, 0
L -2883.0, -1358.0, -1.0, -2872.0, -1346.0, -1.0, 0, 0, 0
L -2872.0, -1346.0, -1.0, -2875.0, -1343.0, -1.0, 0, 0, 0
L -3430.0, 0.0, -5.0, -3431.0, -13.0, -6.0, 0, 0, 0
L -3431.0, -13.0, -6.0, -3421.0, -23.0, -5.0, 0, 0, 0
L -3421.0, -23.0, -5.0, -3407.0, -23.0, -5.0, 0, 0, 0
L -3407.0, -23.0, -5.0, -3398.0, -13.0, -4.0, 0, 0, 0
L -3398.0, -13.0, -4.0, -3398.0, 0.0, -4.0, 0, 0, 0
L -3398.0, 0.0, -4.0, -3407.0, 8.0, -4.0, 0, 0, 0
L -3407.0, 8.0, -4.0, -3420.0, 9.0, -5.0, 0, 0, 0
L -3427.0, 51.0, -4.0, -3426.0, 50.0, -4.0, 0, 0, 0
L -3426.0, 50.0, -4.0, -3417.0, 61.0, -4.0, 0, 0, 0
L -3417.0, 61.0, -4.0, -3418.0, 75.0, -4.0, 0, 0, 0
L -3418.0, 75.0, -4.0, -3429.0, 83.0, -4.0, 0, 0, 0
L -3429.0, 83.0, -4.0, -3442.0, 82.0, -4.0, 0, 0, 0
L -3442.0, 82.0, -4.0, -3452.0, 73.0, -4.0, 0, 0, 0
L -3452.0, 73.0, -4.0, -3450.0, 58.0, -4.0, 0, 0, 0
L -3450.0, 58.0, -4.0, -3440.0, 50.0, -4.0, 0, 0, 0
L -3440.0, 50.0, -4.0, -3438.0, 50.0, -4.0, 0, 0, 0
L -2267.0, -10.0, -5.0, -2240.0, -23.0, -4.0, 150, 150, 150
L -2240.0, -23.0, -4.0, -2239.0, -53.0, -4.0, 150, 150, 150
L -2239.0, -53.0, -4.0, -2258.0, -65.0, -3.0, 150, 150, 150
L -2258.0, -65.0, -3.0, -2270.0, -65.0, -3.0, 150, 150, 150
L -2270.0, -65.0, -3.0, -2289.0, -56.0, -4.0, 150, 150, 150
L -2289.0, -56.0, -4.0, -2291.0, -27.0, -5.0, 150, 150, 150
L -2291.0, -27.0, -5.0, -2267.0, -10.0, -5.0, 150, 150, 150
L -2256.0, -29.0, -3.0, -2255.0, -49.0, -3.0, 150, 150, 150
L -2255.0, -49.0, -3.0, -2271.0, -59.0, -3.0, 150, 150, 150
L -2271.0, -59.0, -3.0, -2289.0, -51.0, -3.0, 150, 150, 150
L -2289.0, -51.0, -3.0, -2290.0, -31.0, -3.0, 150, 150, 150
L -2290.0, -31.0, -3.0, -2274.0, -21.0, -3.0, 150, 150, 150
L -2274.0, -21.0, -3.0, -2256.0, -29.0, -3.0, 150, 150, 150
L -2268.0, -46.0, 0.0, -2277.0, -52.0, 0.0, 150, 150, 150
L -2277.0, -52.0, 0.0, -2288.0, -47.0, 0.0, 150, 150, 150
L -2288.0, -47.0, 0.0, -2288.0, -35.0, 0.0, 150, 150, 150
L -2288.0, -35.0, 0.0, -2279.0, -29.0, 0.0, 150, 150, 150
L -2279.0, -29.0, 0.0, -2268.0, -34.0, 0.0, 150, 150, 150
L -2268.0, -34.0, 0.0, -2268.0, -46.0, 0.0, 150, 150, 150
L -2274.0, -35.0, 2.0, -2272.0, -40.0, 2.0, 150, 150, 150
L -2272.0, -40.0, 2.0, -2274.0, -45.0, 2.0, 150, 150, 150
L -2274.0, -45.0, 2.0, -2279.0, -48.0, 2.0, 150, 150, 150
L -2279.0, -48.0, 2.0, -2284.0, -46.0, 2.0, 150, 150, 150
L -2284.0, -46.0, 2.0, -2287.0, -41.0, 2.0, 150, 150, 150
L -2287.0, -41.0, 2.0, -2285.0, -36.0, 2.0, 150, 150, 150
L -2285.0, -36.0, 2.0, -2280.0, -33.0, 2.0, 150, 150, 150
L -2280.0, -33.0, 2.0, -2274.0, -35.0, 2.0, 150, 150, 150
L 585.0, 189.0, -4.0, 593.0, 186.0, -4.0, 0, 0, 0
L 593.0, 186.0, -4.0, 596.0, 178.0, -4.0, 0, 0, 0
L 596.0, 178.0, -4.0, 593.0, 170.0, -4.0, 0, 0, 0
L 593.0, 170.0, -4.0, 585.0, 167.0, -4.0, 0, 0, 0
L 585.0, 167.0, -4.0, 578.0, 171.0, -4.0, 0, 0, 0
L 578.0, 171.0, -4.0, 575.0, 179.0, -4.0, 0, 0, 0
L 575.0, 179.0, -4.0, 578.0, 186.0, -4.0, 0, 0, 0
L 555.0, 211.0, -4.0, 544.0, 220.0, -4.0, 0, 0, 0
L 544.0, 220.0, -4.0, 531.0, 218.0, -5.0, 0, 0, 0
L 531.0, 218.0, -5.0, 522.0, 207.0, -5.0, 0, 0, 0
L 522.0, 207.0, -5.0, 524.0, 193.0, -5.0, 0, 0, 0
L 524.0, 193.0, -5.0, 535.0, 185.0, -5.0, 0, 0, 0
L 535.0, 185.0, -5.0, 548.0, 187.0, -4.0, 0, 0, 0
L 548.0, 187.0, -4.0, 556.0, 198.0, -4.0, 0, 0, 0
L 579.0, 240.0, -4.0, 584.0, 247.0, -4.0, 0, 0, 0
L 584.0, 247.0, -4.0, 583.0, 255.0, -4.0, 0, 0, 0
L 583.0, 255.0, -4.0, 577.0, 260.0, -4.0, 0, 0, 0
L 577.0, 260.0, -4.0, 569.0, 259.0, -4.0, 0, 0, 0
L 569.0, 259.0, -4.0, 564.0, 252.0, -4.0, 0, 0, 0
L 564.0, 252.0, -4.0, 565.0, 244.0, -4.0, 0, 0, 0
L 565.0, 244.0, -4.0, 571.0, 239.0, -4.0, 0, 0, 0
L 1144.0, -383.0, -21.0, 1141.0, -374.0, -22.0, 205, 133, 63
L 1141.0, -374.0, -22.0, 1140.0, -363.0, -22.0, 205, 133, 63
L 1140.0, -363.0, -22.0, 1142.0, -354.0, -21.0, 205, 133, 63
L 1142.0, -354.0, -21.0, 1143.0, -346.0, -20.0, 205, 133, 63
L 1143.0, -346.0, -20.0, 1141.0, -336.0, -21.0, 205, 133, 63
L 1141.0, -336.0, -21.0, 1142.0, -327.0, -20.0, 205, 133, 63
L 1142.0, -327.0, -20.0, 1143.0, -319.0, -19.0, 205, 133, 63
L 1143.0, -319.0, -19.0, 1141.0, -311.0, -18.0, 205, 133, 63
L 1141.0, -311.0, -18.0, 1142.0, -302.0, -19.0, 205, 133, 63
L 1142.0, -302.0, -19.0, 1140.0, -293.0, -22.0, 205, 133, 63
L 1140.0, -293.0, -22.0, 1138.0, -283.0, -26.0, 205, 133, 63
L 1138.0, -283.0, -26.0, 1139.0, -275.0, -27.0, 205, 133, 63
L 1139.0, -275.0, -27.0, 1145.0, -268.0, -26.0, 205, 133, 63
L 1145.0, -268.0, -26.0, 1156.0, -265.0, -23.0, 205, 133, 63
L 1156.0, -265.0, -23.0, 1164.0, -260.0, -21.0, 205, 133, 63
L 1164.0, -260.0, -21.0, 1168.0, -256.0, -20.0, 205, 133, 63
L 1168.0, -256.0, -20.0, 1176.0, -251.0, -20.0, 205, 133, 63
L 1176.0, -251.0, -20.0, 1184.0, -246.0, -20.0, 205, 133, 63
L 1184.0, -246.0, -20.0, 1193.0, -239.0, -19.0, 205, 133, 63
L 1193.0, -239.0, -19.0, 1195.0, -229.0, -22.0, 205, 133, 63
L 1195.0, -229.0, -22.0, 1192.0, -221.0, -25.0, 205, 133, 63
L 1192.0, -221.0, -25.0, 1193.0, -208.0, -29.0, 205, 133, 63
L 1193.0, -208.0, -29.0, 1191.0, -198.0, -31.0, 205, 133, 63
L 1191.0, -198.0, -31.0, 1189.0, -186.0, -35.0, 205, 133, 63
L 1189.0, -186.0, -35.0, 1194.0, -178.0, -35.0, 205, 133, 63
L 1194.0, -178.0, -35.0, 1194.0, -169.0, -32.0, 205, 133, 63
L 1194.0, -169.0, -32.0, 1192.0, -162.0, -30.0, 205, 133, 63
L 1192.0, -162.0, -30.0, 1195.0, -148.0, -25.0, 205, 133, 63
L 1195.0, -148.0, -25.0, 1190.0, -141.0, -20.0, 205, 133, 63
L 1190.0, -141.0, -20.0, 1190.0, -132.0, -16.0, 205, 133, 63
L 1190.0, -132.0, -16.0, 1195.0, -123.0, -13.0, 205, 133, 63
L 1195.0, -123.0, -13.0, 1191.0, -114.0, -10.0, 205, 133, 63
L 1191.0, -114.0, -10.0, 1192.0, -106.0, -7.0, 205, 133, 63
L 1192.0, -106.0, -7.0, 1194.0, -96.0, -7.0, 205, 133, 63
L 1194.0, -96.0, -7.0, 1188.0, -86.0, -6.0, 205, 133, 63
L 1188.0, -86.0, -6.0, 1194.0, -76.0, -5.0, 205, 133, 63
L 1194.0, -76.0, -5.0, 1193.0, -67.0, -5.0, 205, 133, 63
L 1193.0, -67.0, -5.0, 1191.0, -57.0, -4.0, 205, 133, 63
L 1191.0, -57.0, -4.0, 1193.0, -48.0, -4.0, 205, 133, 63
L 1193.0, -48.0, -4.0, 1189.0, -38.0, -4.0, 205, 133, 63
L 1189.0, -38.0, -4.0, 1194.0, -30.0, -4.0, 205, 133, 63
L 1194.0, -30.0, -4.0, 1194.0, -19.0, -4.0, 205, 133, 63
L 1194.0, -19.0, -4.0, 1191.0, -9.0, -4.0, 205, 133, 63
L 1191.0, -9.0, -4.0, 1194.0, 0.0, -4.0, 205, 133, 63
L 1194.0, 0.0, -4.0, 1188.0, 8.0, -4.0, 205, 133, 63
L 1188.0, 8.0, -4.0, 1190.0, 17.0, -4.0, 205, 133, 63
L 1190.0, 17.0, -4.0, 1195.0, 28.0, -4.0, 205, 133, 63
L 1195.0, 28.0, -4.0, 1190.0, 36.0, -4.0, 205, 133, 63
L 1190.0, 36.0, -4.0, 1192.0, 46.0, -4.0, 205, 133, 63
L 1192.0, 46.0, -4.0, 1192.0, 54.0, -4.0, 205, 133, 63
L 1192.0, 54.0, -4.0, 1188.0, 63.0, -4.0, 205, 133, 63
L 1188.0, 63.0, -4.0, 1193.0, 71.0, -4.0, 205, 133, 63
L 1193.0, 71.0, -4.0, 1193.0, 81.0, -4.0, 205, 133, 63
L 1193.0, 81.0, -4.0, 1191.0, 91.0, -4.0, 205, 133, 63
L 1191.0, 91.0, -4.0, 1190.0, 104.0, -4.0, 205, 133, 63
L 1190.0, 104.0, -4.0, 1194.0, 116.0, -4.0, 205, 133, 63
L 1194.0, 116.0, -4.0, 1194.0, 125.0, -4.0, 205, 133, 63
L 1194.0, 125.0, -4.0, 1184.0, 131.0, -4.0, 205, 133, 63
L 1184.0, 131.0, -4.0, 1172.0, 139.0, -4.0, 205, 133, 63
L 1172.0, 139.0, -4.0, 1157.0, 149.0, -4.0, 205, 133, 63
L 1157.0, 149.0, -4.0, 1149.0, 154.0, -4.0, 205, 133, 63
L 1149.0, 154.0, -4.0, 1147.0, 167.0, -4.0, 205, 133, 63
L 1147.0, 167.0, -4.0, 1142.0, 178.0, -4.0, 205, 133, 63
L 1142.0, 178.0, -4.0, 1129.0, 183.0, -4.0, 205, 133, 63
L 1129.0, 183.0, -4.0, 1119.0, 189.0, -4.0, 205, 133, 63
L 1119.0, 189.0, -4.0, 1104.0, 200.0, -4.0, 205, 133, 63
L 1104.0, 200.0, -4.0, 1098.0, 211.0, -4.0, 205, 133, 63
L 1098.0, 211.0, -4.0, 1096.0, 224.0, -4.0, 205, 133, 63
L 1096.0, 224.0, -4.0, 1088.0, 233.0, -4.0, 205, 133, 63
L 1088.0, 233.0, -4.0, 1078.0, 234.0, -4.0, 205, 133, 63
L 1078.0, 234.0, -4.0, 1070.0, 239.0, -4.0, 205, 133, 63
L 1070.0, 239.0, -4.0, 1060.0, 246.0, -4.0, 205, 133, 63
L 1060.0, 246.0, -4.0, 1048.0, 255.0, -4.0, 205, 133, 63
L 1048.0, 255.0, -4.0, 1045.0, 265.0, -4.0, 205, 133, 63
L 1045.0, 265.0, -4.0, 1045.0, 276.0, -4.0, 205, 133, 63
L 1045.0, 276.0, -4.0, 1035.0, 283.0, -4.0, 205, 133, 63
L 1035.0, 283.0, -4.0, 1025.0, 283.0, -4.0, 205, 133, 63
L 1025.0, 283.0, -4.0, 1019.0, 290.0, -4.0, 205, 133, 63
L 1019.0, 290.0, -4.0, 1011.0, 300.0, -4.0, 205, 133, 63
L 1011.0, 300.0, -4.0, 1001.0, 315.0, -4.0, 205, 133, 63
L 1001.0, 315.0, -4.0, 989.0, 319.0, -4.0, 205, 133, 63
L 989.0, 319.0, -4.0, 977.0, 317.0, -4.0, 205, 133, 63
L 977.0, 317.0, -4.0, 966.0, 318.0, -4.0, 205, 133, 63
L 966.0, 318.0, -4.0, 954.0, 318.0, -5.0, 205, 133, 63
L 1714.0, -1051.0, -4.0, 1722.0, -1050.0, -4.0, 0, 0, 0
L 1722.0, -1050.0, -4.0, 1722.0, -1044.0, -4.0, 0, 0, 0
L 1722.0, -1044.0, -4.0, 1714.0, -1042.0, -4.0, 0, 0, 0
L 1714.0, -1042.0, -4.0, 1709.0, -1037.0, -4.0, 0, 0, 0
L 1709.0, -1037.0, -4.0, 1703.0, -1037.0, -4.0, 0, 0, 0
L 1703.0, -1037.0, -4.0, 1698.0, -1042.0, -4.0, 0, 0, 0
L 1698.0, -1042.0, -4.0, 1698.0, -1043.0, -4.0, 0, 0, 0
L 1698.0, -1043.0, -4.0, 1698.0, -1051.0, -4.0, 0, 0, 0
L 1698.0, -1051.0, -4.0, 1699.0, -1052.0, -4.0, 0, 0, 0
L 1699.0, -1052.0, -4.0, 1703.0, -1056.0, -4.0, 0, 0, 0
L 1703.0, -1056.0, -4.0, 1702.0, -1060.0, -4.0, 0, 0, 0
L 1702.0, -1060.0, -4.0, 1703.0, -1061.0, -4.0, 0, 0, 0
L 1703.0, -1061.0, -4.0, 1709.0, -1061.0, -4.0, 0, 0, 0
L 1709.0, -1061.0, -4.0, 1710.0, -1059.0, -4.0, 0, 0, 0
L 1710.0, -1056.0, -4.0, 1714.0, -1051.0, -4.0, 0, 0, 0
L 1710.0, -1059.0, -4.0, 1710.0, -1056.0, -4.0, 0, 0, 0
L 1696.0, -1076.0, -4.0, 1703.0, -1075.0, -4.0, 0, 0, 0
L 1703.0, -1075.0, -4.0, 1704.0, -1081.0, -4.0, 0, 0, 0
L 1704.0, -1081.0, -4.0, 1697.0, -1083.0, -4.0, 0, 0, 0
L 1697.0, -1083.0, -4.0, 1696.0, -1076.0, -4.0, 0, 0, 0
L 1683.0, -1072.0, -4.0, 1685.0, -1077.0, -4.0, 0, 0, 0
L 1685.0, -1077.0, -4.0, 1685.0, -1079.0, -4.0, 0, 0, 0
L 1685.0, -1079.0, -4.0, 1683.0, -1085.0, -4.0, 0, 0, 0
L 1683.0, -1085.0, -4.0, 1681.0, -1086.0, -4.0, 0, 0, 0
L 1681.0, -1086.0, -4.0, 1677.0, -1086.0, -3.0, 0, 0, 0
L 1677.0, -1086.0, -3.0, 1669.0, -1086.0, -4.0, 0, 0, 0
L 1669.0, -1086.0, -4.0, 1667.0, -1085.0, -4.0, 0, 0, 0
L 1667.0, -1085.0, -4.0, 1665.0, -1080.0, -4.0, 0, 0, 0
L 1665.0, -1080.0, -4.0, 1665.0, -1077.0, -4.0, 0, 0, 0
L 1665.0, -1077.0, -4.0, 1667.0, -1069.0, -4.0, 0, 0, 0
L 1667.0, -1069.0, -4.0, 1682.0, -1069.0, -4.0, 0, 0, 0
L 1682.0, -1069.0, -4.0, 1683.0, -1072.0, -4.0, 0, 0, 0
L 1984.0, -1221.0, 50.0, 2005.0, -1170.0, 0.0, 0, 0, 0
L 2005.0, -1170.0, 0.0, 2017.0, -1157.0, 0.0, 0, 0, 0
L 2017.0, -1157.0, 0.0, 2088.0, -1174.0, -3.0, 0, 0, 0
L 2088.0, -1174.0, -3.0, 2165.0, -1141.0, -4.0, 0, 0, 0
L 2165.0, -1141.0, -4.0, 2180.0, -1114.0, -4.0, 0, 0, 0
L 2180.0, -1114.0, -4.0, 2166.0, -1005.0, -4.0, 0, 0, 0
L 2166.0, -1005.0, -4.0, 2170.0, -951.0, -4.0, 0, 0, 0
L 2170.0, -951.0, -4.0, 2183.0, -934.0, -4.0, 0, 0, 0
L 2133.0, -940.0, -4.0, 2130.0, -1037.0, -4.0, 0, 0, 0
L 2130.0, -1037.0, -4.0, 2145.0, -1110.0, -4.0, 0, 0, 0
L 2145.0, -1110.0, -4.0, 2143.0, -1111.0, -4.0, 0, 0, 0
L 2143.0, -1111.0, -4.0, 2079.0, -1138.0, -3.0, 0, 0, 0
L 2079.0, -1138.0, -3.0, 2071.0, -1134.0, 0.0, 0, 0, 0
L 2071.0, -1134.0, 0.0, 2017.0, -1106.0, 10.0, 0, 0, 0
L 2017.0, -1106.0, 10.0, 1983.0, -1064.0, 64.0, 0, 0, 0
L 1248.0, -1968.0, 15.0, 1200.0, -1973.0, -3.0, 0, 0, 0
L 1200.0, -1973.0, -3.0, 1167.0, -2006.0, -1.0, 0, 0, 0
L 1167.0, -2006.0, -1.0, 1156.0, -2034.0, 0.0, 0, 0, 0
L 1156.0, -2034.0, 0.0, 1147.0, -2057.0, 0.0, 0, 0, 0
L 1147.0, -2057.0, 0.0, 1126.0, -2096.0, 0.0, 0, 0, 0
L 1126.0, -2096.0, 0.0, 1147.0, -2109.0, 0.0, 0, 0, 0
L 1147.0, -2109.0, 0.0, 1155.0, -2114.0, 0.0, 0, 0, 0
L 1155.0, -2114.0, 0.0, 1215.0, -2158.0, 0.0, 0, 0, 0
L 1215.0, -2158.0, 0.0, 1215.0, -2163.0, 0.0, 0, 0, 0
L 1186.0, -2163.0, 0.0, 1186.0, -2175.0, 0.0, 0, 0, 0
L -2853.0, -1320.0, -1.0, -2866.0, -1335.0, -1.0, 0, 0, 0
L -2875.0, -1343.0, -1.0, -2890.0, -1358.0, -4.0, 0, 0, 0
L 1187.0, -2163.0, 0.0, 1215.0, -2163.0, 0.0, 199, 21, 133
L 1215.0, -2163.0, 0.0, 1215.0, -2174.0, 0.0, 0, 0, 0
L 2170.0, -951.0, -4.0, 2133.0, -940.0, -4.0, 199, 21, 133
L -3345.0, 1112.0, 0.0, -3379.0, 1112.0, 0.0, 199, 21, 133
L -3379.0, 1147.0, 0.0, -3379.0, 1112.0, 0.0, 0, 0, 0
L 1820.0, 377.0, 21.0, 1820.0, 385.0, 21.0, 0, 0, 0
L -3151.0, 848.0, -4.0, -3139.0, 847.0, -4.0, 0, 0, 0
L -3345.0, 1112.0, 0.0, -3345.0, 1091.4, 0.0, 0, 0, 0
L -3379.0, 1112.0, 0.0, -3379.0, 1091.4, 0.0, 0, 0, 0
