L -70.4704, 210.6864, 8.1138,  -70.3170, 210.0733, 8.0105,  0, 0, 0
L -70.9673, 212.6745, 8.4340,  -70.4704, 210.6864, 8.1138,  0, 0, 0
L -71.4463, 214.5902, 8.7441,  -70.9673, 212.6745, 8.4340,  0, 0, 0
L -71.9430, 216.5771, 9.0649,  -71.4463, 214.5902, 8.7441,  0, 0, 0
L -72.4214, 218.4908, 9.3738,  -71.9430, 216.5771, 9.0649,  0, 0, 0
L -72.9205, 220.4870, 9.6962,  -72.4214, 218.4908, 9.3738,  0, 0, 0
L -73.4002, 222.4062, 10.0053,  -72.9205, 220.4870, 9.6962,  0, 0, 0
L -73.8970, 224.3930, 10.3268,  -73.4002, 222.4062, 10.0053,  0, 0, 0
L -74.3812, 226.3299, 10.6395,  -73.8970, 224.3930, 10.3268,  0, 0, 0
L -74.8778, 228.3163, 10.9627,  -74.3812, 226.3299, 10.6395,  0, 0, 0
L -75.3613, 230.2502, 11.2726,  -74.8778, 228.3163, 10.9627,  0, 0, 0
L -75.8559, 232.2287, 11.5919,  -75.3613, 230.2502, 11.2726,  0, 0, 0
L -76.3389, 234.1604, 11.9038,  -75.8559, 232.2287, 11.5919,  0, 0, 0
L -76.8371, 236.1533, 12.2256,  -76.3389, 234.1604, 11.9038,  0, 0, 0
L -77.3208, 238.0883, 12.5380,  -76.8371, 236.1533, 12.2256,  0, 0, 0
L -77.8151, 240.0655, 12.8573,  -77.3208, 238.0883, 12.5380,  0, 0, 0
L -78.2995, 242.0029, 13.1703,  -77.8151, 240.0655, 12.8573,  0, 0, 0
L -78.7990, 244.0010, 13.4927,  -78.2995, 242.0029, 13.1703,  0, 0, 0
L -79.2807, 245.9278, 13.8038,  -78.7990, 244.0010, 13.4927,  0, 0, 0
L -79.7783, 247.9182, 14.1251,  -79.2807, 245.9278, 13.8038,  0, 0, 0
L -80.2600, 249.8449, 14.4370,  -79.7783, 247.9182, 14.1251,  0, 0, 0
L -80.7585, 251.8388, 14.7582,  -80.2600, 249.8449, 14.4370,  0, 0, 0
L -81.2356, 253.7473, 15.0648,  -80.7585, 251.8388, 14.7582,  0, 0, 0
L -81.7348, 255.7443, 15.3858,  -81.2356, 253.7473, 15.0648,  0, 0, 0
L -82.2176, 257.6754, 15.6961,  -81.7348, 255.7443, 15.3858,  0, 0, 0
L -82.7125, 259.6552, 16.0136,  -82.2176, 257.6754, 15.6961,  0, 0, 0
L -83.1920, 261.5731, 16.3214,  -82.7125, 259.6552, 16.0136,  0, 0, 0
L -83.6919, 263.5726, 16.6425,  -83.1920, 261.5731, 16.3214,  0, 0, 0
L -84.1754, 265.5050, 16.9510,  -83.6919, 263.5726, 16.6425,  0, 0, 0
L -137.7556, 252.1455, 16.9562,  -84.1754, 265.5050, 16.9510,  0, 0, 0
L -139.6864, 251.6623, 16.9561,  -137.7556, 252.1455, 16.9562,  0, 0, 0
L -148.5005, 242.9227, 15.9505,  -139.6864, 251.6623, 16.9561,  0, 0, 0
L -162.6335, 228.7750, 15.6894,  -148.5005, 242.9227, 15.9505,  0, 0, 0
L -230.7799, 0.9091, 0.0020,  -230.7265, -15.5412, 0.0020,  0, 0, 0
L -230.7265, 2.8960, 0.0020,  -230.7799, 0.9091, 0.0020,  0, 0, 0
L -237.5121, 3.4563, 0.0020,  -230.7265, 2.8960, 0.0020,  0, 0, 0
L -247.5042, 3.8129, 0.0020,  -237.5121, 3.4563, 0.0020,  0, 0, 0
L -250.9349, 3.7663, 0.0020,  -247.5042, 3.8129, 0.0020,  0, 0, 0
L -252.9045, 3.6402, 0.0020,  -250.9349, 3.7663, 0.0020,  0, 0, 0
L -253.4031, -16.5483, 0.0020,  -252.9045, 3.6402, 0.0020,  0, 0, 0
L -253.3754, -18.5277, 0.0020,  -253.4031, -16.5483, 0.0020,  0, 0, 0
L -234.8228, -19.1633, 0.0020,  -253.3754, -18.5277, 0.0020,  0, 0, 0
L -232.8520, -19.2115, 0.0020,  -234.8228, -19.1633, 0.0020,  0, 0, 0
L -230.8714, -19.0533, 0.0020,  -232.8520, -19.2115, 0.0020,  0, 0, 0
L -230.3881, -7.5851, 0.0020,  -230.8714, -19.0533, 0.0020,  0, 0, 0
L 10.9727, -143.3564, 2.0020,  -13.0315, -143.6422, 2.0020,  240, 240, 0
L 12.9504, -143.3324, 2.0020,  10.9727, -143.3564, 2.0020,  240, 240, 0
L 13.4395, -26.2800, 2.0020,  12.9504, -143.3324, 2.0020,  240, 240, 0
L 13.3911, -24.3073, 2.0020,  13.4395, -26.2800, 2.0020,  240, 240, 0
L -10.8071, -24.5105, 2.0020,  13.3911, -24.3073, 2.0020,  240, 240, 0
L -12.7813, -24.5348, 2.0020,  -10.8071, -24.5105, 2.0020,  240, 240, 0
L -13.2451, -143.6481, 2.0020,  -12.7813, -24.5348, 2.0020,  240, 240, 0
L -166.9343, -69.6713, 1.0020,  -155.5607, -69.6713, 1.0020,  0, 0, 0
L -168.9039, -69.6713, 1.0020,  -166.9343, -69.6713, 1.0020,  0, 0, 0
L -170.8356, -70.1636, 2.0020,  -168.9039, -69.6713, 1.0020,  0, 0, 0
L -171.0056, -72.1517, 1.8682,  -170.8356, -70.1636, 2.0020,  0, 0, 0
L -158.7261, -72.2662, 1.0020,  -171.0056, -72.1517, 1.8682,  0, 0, 0
L -156.7326, -72.2663, 1.0020,  -158.7261, -72.2662, 1.0020,  0, 0, 0
L -156.2350, -107.6374, 1.0020,  -156.7326, -72.2663, 1.0020,  0, 0, 0
L -156.2353, -109.6351, 1.0020,  -156.2350, -107.6374, 1.0020,  0, 0, 0
L -191.1589, -109.6713, 1.0020,  -156.2353, -109.6351, 1.0020,  0, 0, 0
L -193.1418, -109.6712, 1.0020,  -191.1589, -109.6713, 1.0020,  0, 0, 0
L -193.6402, -74.3452, 1.0020,  -193.1418, -109.6712, 1.0020,  0, 0, 0
L -193.6398, -72.3721, 1.0020,  -193.6402, -74.3452, 1.0020,  0, 0, 0
L -182.9578, -72.2661, 1.0020,  -193.6398, -72.3721, 1.0020,  0, 0, 0
L -180.9601, -72.2661, 1.0020,  -182.9578, -72.2661, 1.0020,  0, 0, 0
L -179.0558, -71.7434, 2.0020,  -180.9601, -72.2661, 1.0020,  0, 0, 0
L -178.6217, -69.7997, 1.9073,  -179.0558, -71.7434, 2.0020,  0, 0, 0
L -193.7557, -69.6713, 1.0020,  -178.6217, -69.7997, 1.9073,  0, 0, 0
L -195.7263, -69.6713, 1.0020,  -193.7557, -69.6713, 1.0020,  0, 0, 0
L -196.2036, -110.2454, 1.0020,  -195.7263, -69.6713, 1.0020,  0, 0, 0
L -196.0442, -112.2326, 1.0020,  -196.2036, -110.2454, 1.0020,  0, 0, 0
L -156.1100, -112.2663, 1.0020,  -196.0442, -112.2326, 1.0020,  0, 0, 0
L -154.1362, -112.2661, 1.0020,  -156.1100, -112.2663, 1.0020,  0, 0, 0
L -153.6401, -71.7754, 1.0020,  -154.1362, -112.2661, 1.0020,  0, 0, 0
L -153.6913, -69.8004, 1.0020,  -153.6401, -71.7754, 1.0020,  0, 0, 0
L -164.6728, -69.6639, 1.0020,  -153.6913, -69.8004, 1.0020,  0, 0, 0
L -111.6714, -153.6326, 1.0020,  -111.6715, -167.0082, 1.0020,  0, 0, 0
L -111.8160, -151.6623, 1.9227,  -111.6714, -153.6326, 1.0020,  0, 0, 0
L -113.7808, -151.4529, 2.0020,  -111.8160, -151.6623, 1.9227,  0, 0, 0
L -114.2663, -163.6066, 1.0020,  -113.7808, -151.4529, 2.0020,  0, 0, 0
L -114.2666, -165.6061, 1.0020,  -114.2663, -163.6066, 1.0020,  0, 0, 0
L -149.3206, -165.6401, 1.0020,  -114.2666, -165.6061, 1.0020,  0, 0, 0
L -151.3090, -165.6400, 1.0020,  -149.3206, -165.6401, 1.0020,  0, 0, 0
L -151.7967, -154.8844, 1.0020,  -151.3090, -165.6400, 1.0020,  0, 0, 0
L -151.8179, -152.8862, 1.0020,  -151.7967, -154.8844, 1.0020,  0, 0, 0
L -153.4843, -151.7885, 1.0020,  -151.8179, -152.8862, 1.0020,  0, 0, 0
L -153.9806, -163.4344, 1.0020,  -153.4843, -151.7885, 1.0020,  0, 0, 0
L -153.9681, -165.4186, 1.0020,  -153.9806, -163.4344, 1.0020,  0, 0, 0
L -163.8145, -165.9072, 1.0020,  -153.9681, -165.4186, 1.0020,  0, 0, 0
L -165.8077, -165.9069, 1.0020,  -163.8145, -165.9072, 1.0020,  0, 0, 0
L -176.9510, -155.7300, 1.0020,  -165.8077, -165.9069, 1.0020,  0, 0, 0
L -178.4076, -154.3853, 1.0020,  -176.9510, -155.7300, 1.0020,  0, 0, 0
L -178.9072, -142.0434, 1.0020,  -178.4076, -154.3853, 1.0020,  0, 0, 0
L -178.9070, -140.0559, 1.0020,  -178.9072, -142.0434, 1.0020,  0, 0, 0
L -167.9149, -129.8040, 1.0020,  -178.9070, -140.0559, 1.0020,  0, 0, 0
L -166.4469, -128.4491, 1.0020,  -167.9149, -129.8040, 1.0020,  0, 0, 0
L -156.7305, -127.9678, 1.0020,  -166.4469, -128.4491, 1.0020,  0, 0, 0
L -154.7327, -127.9678, 1.0020,  -156.7305, -127.9678, 1.0020,  0, 0, 0
L -154.2348, -140.1854, 1.0020,  -154.7327, -127.9678, 1.0020,  0, 0, 0
L -154.1195, -142.1732, 1.0020,  -154.2348, -140.1854, 1.0020,  0, 0, 0
L -152.1353, -142.2348, 1.0020,  -154.1195, -142.1732, 1.0020,  0, 0, 0
L -151.6400, -130.2418, 1.0020,  -152.1353, -142.2348, 1.0020,  0, 0, 0
L -151.6397, -128.2682, 1.0020,  -151.6400, -130.2418, 1.0020,  0, 0, 0
L -116.7370, -128.2349, 1.0020,  -151.6397, -128.2682, 1.0020,  0, 0, 0
L -114.7563, -128.2350, 1.0020,  -116.7370, -128.2349, 1.0020,  0, 0, 0
L -114.2662, -140.2370, 1.0020,  -114.7563, -128.2350, 1.0020,  0, 0, 0
L -114.0905, -142.2134, 1.9675,  -114.2662, -140.2370, 1.0020,  0, 0, 0
L -112.1482, -142.4963, 2.0020,  -114.0905, -142.2134, 1.9675,  0, 0, 0
L -111.6714, -127.7071, 1.0020,  -112.1482, -142.4963, 2.0020,  0, 0, 0
L -111.7671, -125.7179, 1.0020,  -111.6714, -127.7071, 1.0020,  0, 0, 0
L -165.9769, -125.6400, 1.0020,  -111.7671, -125.7179, 1.0020,  0, 0, 0
L -167.9470, -125.6390, 1.0020,  -165.9769, -125.6400, 1.0020,  0, 0, 0
L -180.3455, -137.9249, 1.0020,  -167.9470, -125.6390, 1.0020,  0, 0, 0
L -181.7435, -139.3227, 1.0020,  -180.3455, -137.9249, 1.0020,  0, 0, 0
L -182.2349, -152.1354, 1.0020,  -181.7435, -139.3227, 1.0020,  0, 0, 0
L -182.1812, -154.1091, 1.0020,  -182.2349, -152.1354, 1.0020,  0, 0, 0
L -169.4995, -166.7960, 1.0020,  -182.1812, -154.1091, 1.0020,  0, 0, 0
L -168.0863, -168.1958, 1.0020,  -169.4995, -166.7960, 1.0020,  0, 0, 0
L -114.1156, -168.2347, 1.0020,  -168.0863, -168.1958, 1.0020,  0, 0, 0
L -112.1483, -168.2347, 1.0020,  -114.1156, -168.2347, 1.0020,  0, 0, 0
L -111.6713, -160.8414, 1.0020,  -112.1483, -168.2347, 1.0020,  0, 0, 0
L 4.7682, -315.1724, -328.8730,  -6.4611, -315.1722, -328.8730,  0, 0, 0
L 6.7646, -315.1727, -328.8730,  4.7682, -315.1724, -328.8730,  0, 0, 0
L 18.7987, -327.0945, -328.8730,  6.7646, -315.1727, -328.8730,  0, 0, 0
L 20.2038, -328.4997, -328.8730,  18.7987, -327.0945, -328.8730,  0, 0, 0
L 20.7027, -340.6614, -328.8730,  20.2038, -328.4997, -328.8730,  0, 0, 0
L 20.7023, -342.6411, -328.8730,  20.7027, -340.6614, -328.8730,  0, 0, 0
L 8.4064, -355.0203, -328.8730,  20.7023, -342.6411, -328.8730,  0, 0, 0
L 6.9927, -356.4303, -328.8730,  8.4064, -355.0203, -328.8730,  0, 0, 0
L -4.7798, -356.5464, -328.8730,  6.9927, -356.4303, -328.8730,  0, 0, 0
L -6.7605, -356.5459, -328.8730,  -4.7798, -356.5464, -328.8730,  0, 0, 0
L -18.8047, -344.6454, -328.8730,  -6.7605, -356.5459, -328.8730,  0, 0, 0
L -20.2100, -343.2431, -328.8730,  -18.8047, -344.6454, -328.8730,  0, 0, 0
L -20.7026, -331.1068, -328.8730,  -20.2100, -343.2431, -328.8730,  0, 0, 0
L -20.7022, -329.1143, -328.8730,  -20.7026, -331.1068, -328.8730,  0, 0, 0
L -8.6360, -316.9314, -328.8730,  -20.7022, -329.1143, -328.8730,  0, 0, 0
L -7.2345, -315.5301, -328.8730,  -8.6360, -316.9314, -328.8730,  0, 0, 0
L -0.0174, -315.1724, -328.8730,  -7.2345, -315.5301, -328.8730,  0, 0, 0
L 13.7022, -265.9022, 55.9707,  13.7026, -293.8482, 55.9707,  0, 0, 0
L -13.7023, -265.9806, 55.9707,  -13.7027, -274.8361, 55.9707,  0, 0, 0
L -15.4177, -295.7153, 52.8851,  -16.0231, -296.3210, 52.8852,  0, 0, 0
L -14.0045, -294.3009, 52.8851,  -15.4177, -295.7153, 52.8851,  0, 0, 0
L 11.6539, -294.1724, 52.8853,  -14.0045, -294.3009, 52.8851,  0, 0, 0
L 13.6423, -294.1726, 52.8853,  11.6539, -294.1724, 52.8853,  0, 0, 0
L 18.5910, -298.8863, 52.8854,  13.6423, -294.1726, 52.8853,  0, 0, 0
L 39.7791, -320.1015, 52.8853,  18.5910, -298.8863, 52.8854,  0, 0, 0
L 41.1767, -321.5023, 52.8853,  39.7791, -320.1015, 52.8853,  0, 0, 0
L 41.6713, -347.7529, 52.8849,  41.1767, -321.5023, 52.8853,  0, 0, 0
L 41.6711, -349.7445, 52.8853,  41.6713, -347.7529, 52.8849,  0, 0, 0
L 15.4196, -376.0032, 52.8851,  41.6711, -349.7445, 52.8853,  0, 0, 0
L 14.0090, -377.4135, 52.8850,  15.4196, -376.0032, 52.8851,  0, 0, 0
L -11.8587, -377.5463, 52.8853,  14.0090, -377.4135, 52.8850,  0, 0, 0
L -13.8544, -377.5460, 52.8852,  -11.8587, -377.5463, 52.8853,  0, 0, 0
L -39.7656, -351.6573, 52.8851,  -13.8544, -377.5460, 52.8852,  0, 0, 0
L -41.1798, -350.2432, 52.8851,  -39.7656, -351.6573, 52.8851,  0, 0, 0
L -41.6712, -324.0161, 52.8852,  -41.1798, -350.2432, 52.8851,  0, 0, 0
L -41.6709, -322.0199, 52.8852,  -41.6712, -324.0161, 52.8852,  0, 0, 0
L -17.1871, -297.4864, 52.8852,  -41.6709, -322.0199, 52.8852,  0, 0, 0
L -15.7839, -296.0815, 52.8852,  -17.1871, -297.4864, 52.8852,  0, 0, 0
L -14.1823, -294.9043, 52.7906,  -15.7839, -296.0815, 52.8852,  0, 0, 0
L -13.7026, -266.0235, 55.9707,  -14.1823, -294.9043, 52.7906,  0, 0, 0
L -27.7024, -235.8022, 28.0020,  -27.8383, -208.0585, 12.4719,  0, 0, 0
L -27.7024, -237.7921, 28.0020,  -27.7024, -235.8022, 28.0020,  0, 0, 0
L -14.7695, -263.7022, 40.2817,  -27.7024, -237.7921, 28.0020,  0, 0, 0
L -13.8785, -265.4835, 41.1256,  -14.7695, -263.7022, 40.2817,  0, 0, 0
L 11.8029, -265.6088, 41.1798,  -13.8785, -265.4835, 41.1256,  0, 0, 0
L 13.7875, -265.6084, 41.1796,  11.8029, -265.6088, 41.1798,  0, 0, 0
L 26.3128, -240.6153, 29.2907,  13.7875, -265.6084, 41.1796,  0, 0, 0
L 27.2038, -238.8333, 28.4423,  26.3128, -240.6153, 29.2907,  0, 0, 0
L 27.7022, -209.9151, 28.0020,  27.2038, -238.8333, 28.4423,  0, 0, 0
L 125.7934, -110.9988, 1.0020,  125.6843, -100.3379, 1.0020,  0, 0, 0
L 125.8138, -112.9911, 1.0020,  125.7934, -110.9988, 1.0020,  0, 0, 0
L 127.4824, -114.0709, 1.0020,  125.8138, -112.9911, 1.0020,  0, 0, 0
L 127.9737, -102.0900, 1.0020,  127.4824, -114.0709, 1.0020,  0, 0, 0
L 127.9680, -100.1048, 1.0020,  127.9737, -102.0900, 1.0020,  0, 0, 0
L 149.4114, -99.9992, 1.0020,  127.9680, -100.1048, 1.0020,  0, 0, 0
L 151.4080, -99.9992, 1.0020,  149.4114, -99.9992, 1.0020,  0, 0, 0
L 151.9072, -149.8788, 1.0020,  151.4080, -99.9992, 1.0020,  0, 0, 0
L 151.9068, -151.8744, 1.0020,  151.9072, -149.8788, 1.0020,  0, 0, 0
L 118.4900, -151.9071, 1.0020,  151.9068, -151.8744, 1.0020,  0, 0, 0
L 116.4974, -151.9071, 1.0020,  118.4900, -151.9071, 1.0020,  0, 0, 0
L 115.9990, -132.0585, 1.0020,  116.4974, -151.9071, 1.0020,  0, 0, 0
L 115.9993, -130.0730, 1.0020,  115.9990, -132.0585, 1.0020,  0, 0, 0
L 137.7815, -129.9678, 1.0020,  115.9993, -130.0730, 1.0020,  0, 0, 0
L 139.7741, -129.9678, 1.0020,  137.7815, -129.9678, 1.0020,  0, 0, 0
L 141.7400, -130.2350, 1.0020,  139.7741, -129.9678, 1.0020,  0, 0, 0
L 142.2349, -127.7136, 1.0020,  141.7400, -130.2350, 1.0020,  0, 0, 0
L 142.1460, -125.7260, 1.0020,  142.2349, -127.7136, 1.0020,  0, 0, 0
L 131.2095, -125.6399, 1.0020,  142.1460, -125.7260, 1.0020,  0, 0, 0
L 129.2211, -125.6400, 1.0020,  131.2095, -125.6399, 1.0020,  0, 0, 0
L 128.2336, -123.9008, 1.0020,  129.2211, -125.6400, 1.0020,  0, 0, 0
L 126.2562, -123.6400, 1.0020,  128.2336, -123.9008, 1.0020,  0, 0, 0
L 125.6400, -125.5373, 1.0020,  126.2562, -123.6400, 1.0020,  0, 0, 0
L 114.1368, -125.6401, 1.0020,  125.6400, -125.5373, 1.0020,  0, 0, 0
L 112.1687, -125.6402, 1.0020,  114.1368, -125.6401, 1.0020,  0, 0, 0
L 111.6714, -152.2307, 1.0020,  112.1687, -125.6402, 1.0020,  0, 0, 0
L 111.8137, -154.1957, 1.0001,  111.6714, -152.2307, 1.0020,  0, 0, 0
L 151.7793, -154.2349, 1.0020,  111.8137, -154.1957, 1.0001,  0, 0, 0
L 153.7547, -154.2349, 1.0020,  151.7793, -154.2349, 1.0020,  0, 0, 0
L 154.2349, -99.7633, 1.0020,  153.7547, -154.2349, 1.0020,  0, 0, 0
L 154.1733, -97.7861, 1.0020,  154.2349, -99.7633, 1.0020,  0, 0, 0
L 128.1141, -97.6713, 1.0020,  154.1733, -97.7861, 1.0020,  0, 0, 0
L 126.1309, -97.6713, 1.0020,  128.1141, -97.6713, 1.0020,  0, 0, 0
L 125.6333, -104.9454, 1.0020,  126.1309, -97.6713, 1.0020,  0, 0, 0
L 56.4206, 209.4545, 39.8089,  57.0219, 209.2550, 31.4269,  0, 0, 0
L 47.4452, 213.8356, 41.9707,  56.4206, 209.4545, 39.8089,  0, 0, 0
L 29.5671, 222.7886, 41.9707,  47.4452, 213.8356, 41.9707,  0, 0, 0
L 27.7995, 223.6855, 41.9707,  29.5671, 222.7886, 41.9707,  0, 0, 0
L 23.0654, 233.0947, 41.9707,  27.7995, 223.6855, 41.9707,  0, 0, 0
L 18.5974, 242.0154, 41.9707,  23.0654, 233.0947, 41.9707,  0, 0, 0
L 17.7135, 243.7995, 41.9707,  18.5974, 242.0154, 41.9707,  0, 0, 0
L 16.8021, 245.5626, 42.9707,  17.7135, 243.7995, 41.9707,  0, 0, 0
L 15.9407, 247.3600, 42.9707,  16.8021, 245.5626, 42.9707,  0, 0, 0
L 14.3971, 248.6090, 42.9707,  15.9407, 247.3600, 42.9707,  0, 0, 0
L 12.4785, 249.0070, 42.9707,  14.3971, 248.6090, 42.9707,  0, 0, 0
L 10.5796, 249.6089, 42.9707,  12.4785, 249.0070, 42.9707,  0, 0, 0
L 8.5967, 249.6089, 42.9707,  10.5796, 249.6089, 42.9707,  0, 0, 0
L 6.9426, 250.7100, 45.4228,  8.5967, 249.6089, 42.9707,  0, 0, 0
L 6.7207, 252.6879, 45.3463,  6.9426, 250.7100, 45.4228,  0, 0, 0
L 8.6372, 253.2241, 42.9707,  6.7207, 252.6879, 45.3463,  0, 0, 0
L 10.6347, 253.2037, 42.9707,  8.6372, 253.2241, 42.9707,  0, 0, 0
L 12.0841, 254.5781, 42.9707,  10.6347, 253.2037, 42.9707,  0, 0, 0
L 13.2049, 256.2038, 42.9707,  12.0841, 254.5781, 42.9707,  0, 0, 0
L 13.7027, 277.8983, 41.9707,  13.2049, 256.2038, 42.9707,  0, 0, 0
L 13.7020, 279.8876, 41.9707,  13.7027, 277.8983, 41.9707,  0, 0, 0
L 26.2674, 292.5754, 41.9707,  13.7020, 279.8876, 41.9707,  0, 0, 0
L 40.3940, 306.7192, 41.9707,  26.2674, 292.5754, 41.9707,  0, 0, 0
L 41.8062, 308.1242, 41.9707,  40.3940, 306.7192, 41.9707,  0, 0, 0
L 81.7843, 308.1723, 32.9605,  41.8062, 308.1242, 41.9707,  0, 0, 0
L 83.7649, 308.1728, 32.5150,  81.7843, 308.1723, 32.9605,  0, 0, 0
L 95.5671, 331.7362, 29.8545,  83.7649, 308.1728, 32.5150,  0, 0, 0
L 96.4504, 333.5028, 29.6554,  95.5671, 331.7362, 29.8545,  0, 0, 0
L 97.1559, 335.3438, 29.5001,  96.4504, 333.5028, 29.6554,  0, 0, 0
L 97.0635, 337.3322, 31.0389,  97.1559, 335.3438, 29.5001,  0, 0, 0
L 110.5644, 323.6999, 28.0020,  97.0635, 337.3322, 31.0389,  0, 0, 0
L 111.9772, 322.2874, 28.0020,  110.5644, 323.6999, 28.0020,  0, 0, 0
L 123.6669, 322.1724, 28.0020,  111.9772, 322.2874, 28.0020,  0, 0, 0
L 125.6549, 322.1727, 28.0020,  123.6669, 322.1724, 28.0020,  0, 0, 0
L 132.8050, 329.1630, 28.0020,  125.6549, 322.1727, 28.0020,  0, 0, 0
L 139.9131, 336.1868, 28.0020,  132.8050, 329.1630, 28.0020,  0, 0, 0
L 163.6401, 312.0863, 0.0020,  163.6400, 321.8502, 0.0020,  0, 0, 0
L 163.6398, 310.0980, 0.0020,  163.6401, 312.0863, 0.0020,  0, 0, 0
L 161.5244, 307.8825, 0.0020,  163.6398, 310.0980, 0.0020,  0, 0, 0
L 160.1167, 306.4748, 0.0020,  161.5244, 307.8825, 0.0020,  0, 0, 0
L 158.1490, 306.1724, 0.0020,  160.1167, 306.4748, 0.0020,  0, 0, 0
L 156.1596, 306.1726, 0.0020,  158.1490, 306.1724, 0.0020,  0, 0, 0
L 154.1405, 308.0926, 0.0020,  156.1596, 306.1726, 0.0020,  0, 0, 0
L 152.7298, 309.5034, 0.0020,  154.1405, 308.0926, 0.0020,  0, 0, 0
L 152.2351, 321.8420, 0.0020,  152.7298, 309.5034, 0.0020,  0, 0, 0
L 167.6388, 323.9713, -11.8881,  167.6398, 322.1725, -10.6070,  0, 0, 240
L 167.6398, 325.9628, -12.2165,  167.6388, 323.9713, -11.8881,  0, 0, 240
L 166.1288, 327.4104, -12.4655,  167.6398, 325.9628, -12.2165,  0, 0, 240
L 164.6910, 328.7799, -12.8343,  166.1288, 327.4104, -12.4655,  0, 0, 240
L 166.8616, 334.0862, -13.2922,  164.6910, 328.7799, -12.8343,  0, 0, 240
L 167.6120, 335.8977, -13.6551,  166.8616, 334.0862, -13.2922,  0, 0, 240
L 179.0838, 347.4447, -15.4303,  167.6120, 335.8977, -13.6551,  0, 0, 240
L 180.3746, 348.7358, -15.6357,  179.0838, 347.4447, -15.4303,  0, 0, 240
L 181.5299, 350.0205, -16.1201,  180.3746, 348.7358, -15.6357,  0, 0, 240
L 169.5127, 374.0302, -19.2127,  181.5299, 350.0205, -16.1201,  0, 0, 240
L 168.6589, 375.7340, -19.3504,  169.5127, 374.0302, -19.2127,  0, 0, 240
L 167.3987, 377.1340, -19.7246,  168.6589, 375.7340, -19.3504,  0, 0, 240
L 172.7183, 393.1310, -18.8560,  167.3987, 377.1340, -19.7246,  0, 0, 240
L 173.2897, 394.8447, -18.7213,  172.7183, 393.1310, -18.8560,  0, 0, 240
L 173.8521, 396.5786, -18.5300,  173.2897, 394.8447, -18.7213,  0, 0, 240
L 174.4876, 398.4463, -18.5296,  173.8521, 396.5786, -18.5300,  0, 0, 240
L 180.9408, 417.7982, -17.2958,  174.4876, 398.4463, -18.5296,  0, 0, 240
L 181.5724, 419.6920, -16.9269,  180.9408, 417.7982, -17.2958,  0, 0, 240
L 169.2748, 432.0575, -15.8329,  181.5724, 419.6920, -16.9269,  0, 0, 240
L 167.8951, 433.4333, -15.5588,  169.2748, 432.0575, -15.8329,  0, 0, 240
L 128.0099, 420.2192, -13.1003,  167.8951, 433.4333, -15.5588,  0, 0, 240
L 126.3138, 419.6549, -12.8937,  128.0099, 420.2192, -13.1003,  0, 0, 240
L 135.2114, 392.9810, -10.9898,  126.3138, 419.6549, -12.8937,  0, 0, 240
L 138.3578, 383.5393, -10.3183,  135.2114, 392.9810, -10.9898,  0, 0, 240
L 138.9838, 381.6499, -10.3026,  138.3578, 383.5393, -10.3183,  0, 0, 240
L 139.6209, 379.7746, -10.1552,  138.9838, 381.6499, -10.3026,  0, 0, 240
L 140.5586, 378.0394, -9.9400,  139.6209, 379.7746, -10.1552,  0, 0, 240
L 133.4984, 370.9818, -9.3322,  140.5586, 378.0394, -9.9400,  0, 0, 240
L 126.5108, 363.8617, -8.5411,  133.4984, 370.9818, -9.3322,  0, 0, 240
L 131.3139, 358.9002, -8.0657,  126.5108, 363.8617, -8.5411,  0, 0, 240
L 138.3317, 351.8986, -7.4937,  131.3139, 358.9002, -8.0657,  0, 0, 240
L 139.7497, 350.5446, -7.3628,  138.3317, 351.8986, -7.4937,  0, 0, 240
L 140.2364, 337.7626, -6.4909,  139.7497, 350.5446, -7.3628,  0, 0, 240
L 140.3207, 335.8071, -6.4743,  140.2364, 337.7626, -6.4909,  0, 0, 240
L 147.0709, 324.0123, -5.6722,  140.3207, 335.8071, -6.4743,  0, 0, 240
L 148.0598, 322.2953, -5.4835,  147.0709, 324.0123, -5.6722,  0, 0, 240
L 165.9561, 322.1731, -2.1595,  148.0598, 322.2953, -5.4835,  0, 0, 240
L 167.9423, 322.1731, 0.0020,  165.9561, 322.1731, -2.1595,  0, 0, 240
L 180.3420, 309.8908, 0.0020,  167.9423, 322.1731, 0.0020,  0, 0, 0
L 181.7428, 308.4899, 0.0020,  180.3420, 309.8908, 0.0020,  0, 0, 0
L 182.2347, 256.5177, 1.0020,  181.7428, 308.4899, 0.0020,  0, 0, 0
L 182.2348, 254.5270, 1.0020,  182.2347, 256.5177, 1.0020,  0, 0, 0
L 183.7841, 253.2696, 1.0020,  182.2348, 254.5270, 1.0020,  0, 0, 0
L 185.6414, 252.5507, 3.0022,  183.7841, 253.2696, 1.0020,  0, 0, 0
L 186.5768, 250.7988, 2.2841,  185.6414, 252.5507, 3.0022,  0, 0, 0
L 184.9117, 249.7180, 1.0020,  186.5768, 250.7988, 2.2841,  0, 0, 0
L 180.6107, 248.7085, 1.0020,  184.9117, 249.7180, 1.0020,  0, 0, 0
L 178.6978, 248.1651, 1.0020,  180.6107, 248.7085, 1.0020,  0, 0, 0
L 169.5787, 239.1270, 0.0020,  178.6978, 248.1651, 1.0020,  0, 0, 0
L 168.1723, 237.7208, 0.0020,  169.5787, 239.1270, 0.0020,  0, 0, 0
L 156.3069, 237.6088, 0.0020,  168.1723, 237.7208, 0.0020,  0, 0, 0
L 154.3091, 237.6088, 0.0020,  156.3069, 237.6088, 0.0020,  0, 0, 0
L 138.3189, 229.7646, 0.0020,  154.3091, 237.6088, 0.0020,  0, 0, 0
L 129.3939, 225.3021, 0.0020,  138.3189, 229.7646, 0.0020,  0, 0, 0
L 127.6657, 224.3555, 0.0020,  129.3939, 225.3021, 0.0020,  0, 0, 0
L 125.8298, 223.6249, 0.0020,  127.6657, 224.3555, 0.0020,  0, 0, 0
L 121.6514, 231.8336, 0.0020,  125.8298, 223.6249, 0.0020,  0, 0, 0
L 112.7313, 249.7162, 0.0020,  121.6514, 231.8336, 0.0020,  0, 0, 0
L 111.8439, 251.4904, 0.0020,  112.7313, 249.7162, 0.0020,  0, 0, 0
L 100.1499, 251.6089, 0.0020,  111.8439, 251.4904, 0.0020,  0, 0, 0
L 98.1585, 251.6084, 0.0020,  100.1499, 251.6089, 0.0020,  0, 0, 0
L 85.1637, 225.6347, 0.0020,  98.1585, 251.6084, 0.0020,  0, 0, 0
L 84.2752, 223.8546, 0.0020,  85.1637, 225.6347, 0.0020,  0, 0, 0
L 58.0703, 210.6246, 0.0020,  84.2752, 223.8546, 0.0020,  0, 0, 0
L 56.2862, 209.7323, 0.0020,  58.0703, 210.6246, 0.0020,  0, 0, 0
L 47.5545, 192.4077, 0.0020,  56.2862, 209.7323, 0.0020,  0, 0, 0
L 43.0809, 183.4912, 0.0020,  47.5545, 192.4077, 0.0020,  0, 0, 0
L 42.1723, 181.7200, 0.0020,  43.0809, 183.4912, 0.0020,  0, 0, 0
L -39.7881, 181.6400, 0.0020,  42.1723, 181.7200, 0.0020,  0, 0, 0
L -41.7862, 181.6400, 0.0020,  -39.7881, 181.6400, 0.0020,  0, 0, 0
L -43.4222, 182.7902, 0.0020,  -41.7862, 181.6400, 0.0020,  0, 0, 0
L -46.1573, 185.4669, 4.0225,  -43.4222, 182.7902, 0.0020,  0, 0, 0
L -53.0086, 192.4865, 2.2632,  -46.1573, 185.4669, 4.0225,  0, 0, 0
L -68.2663, 207.7797, 0.0020,  -53.0086, 192.4865, 2.2632,  0, 0, 0
L -69.5818, 209.0927, 0.0020,  -68.2663, 207.7797, 0.0020,  0, 0, 0
L -71.4776, 209.8205, 0.0020,  -69.5818, 209.0927, 0.0020,  0, 0, 0
L 305.5775, 4.5387, 30.0020,  305.5774, 11.8983, 30.0020,  0, 0, 0
L 305.5774, 2.5557, 30.0020,  305.5775, 4.5387, 30.0020,  0, 0, 0
L 300.1372, 2.2975, 30.0020,  305.5774, 2.5557, 30.0020,  0, 0, 0
L 298.1452, 2.2975, 30.0020,  300.1372, 2.2975, 30.0020,  0, 0, 0
L 296.1723, 2.4966, 30.0020,  298.1452, 2.2975, 30.0020,  0, 0, 0
L 295.3244, 4.2975, 30.0020,  296.1723, 2.4966, 30.0020,  0, 0, 0
L 293.5776, 3.3373, 30.0020,  295.3244, 4.2975, 30.0020,  0, 0, 0
L 292.6869, 1.5641, 30.0020,  293.5776, 3.3373, 30.0020,  0, 0, 0
L 293.6121, -0.1825, 29.0020,  292.6869, 1.5641, 30.0020,  0, 0, 0
L 305.7133, -0.2974, 29.0020,  293.6121, -0.1825, 29.0020,  0, 0, 0
L 307.6812, -0.2974, 29.0020,  305.7133, -0.2974, 29.0020,  0, 0, 0
L 308.1723, 26.2110, 29.0020,  307.6812, -0.2974, 29.0020,  0, 0, 0
L 308.0952, 28.1992, 29.0020,  308.1723, 26.2110, 29.0020,  0, 0, 0
L 297.0743, 28.2973, 29.0020,  308.0952, 28.1992, 29.0020,  0, 0, 0
L 295.0941, 28.2973, 29.0020,  297.0743, 28.2973, 29.0020,  0, 0, 0
L 293.5775, 27.0161, 30.0020,  295.0941, 28.2973, 29.0020,  0, 0, 0
L 293.5776, 25.0168, 30.0020,  293.5775, 27.0161, 30.0020,  0, 0, 0
L 295.0648, 23.7027, 30.0020,  293.5776, 25.0168, 30.0020,  0, 0, 0
L 296.1726, 25.3582, 30.0020,  295.0648, 23.7027, 30.0020,  0, 0, 0
L 303.1182, 25.7027, 30.0020,  296.1726, 25.3582, 30.0020,  0, 0, 0
L 305.0887, 25.7026, 30.0020,  303.1182, 25.7027, 30.0020,  0, 0, 0
L 305.5775, 6.8054, 30.0020,  305.0887, 25.7026, 30.0020,  0, 0, 0
L 193.6759, -97.6712, 28.0020,  181.9742, -97.6713, 28.0020,  0, 0, 0
L 195.6668, -97.6710, 28.0020,  193.6759, -97.6712, 28.0020,  0, 0, 0
L 207.7042, -85.7501, 28.0020,  195.6668, -97.6710, 28.0020,  0, 0, 0
L 209.1131, -84.3411, 28.0020,  207.7042, -85.7501, 28.0020,  0, 0, 0
L 209.6088, -72.0749, 28.0020,  209.1131, -84.3411, 28.0020,  0, 0, 0
L 209.6086, -70.0777, 28.0020,  209.6088, -72.0749, 28.0020,  0, 0, 0
L 197.3372, -45.4956, 28.0020,  209.6086, -70.0777, 28.0020,  0, 0, 0
L 196.4539, -43.7287, 28.0020,  197.3372, -45.4956, 28.0020,  0, 0, 0
L 195.6087, -41.9506, 28.0020,  196.4539, -43.7287, 28.0020,  0, 0, 0
L 208.1861, -29.2961, 28.0020,  195.6087, -41.9506, 28.0020,  0, 0, 0
L 209.6002, -27.8851, 28.0020,  208.1861, -29.2961, 28.0020,  0, 0, 0
L 222.6679, -1.8117, 28.0020,  209.6002, -27.8851, 28.0020,  0, 0, 0
L 223.5519, -0.0441, 28.0020,  222.6679, -1.8117, 28.0020,  0, 0, 0
L 225.5144, 0.2975, 28.0020,  223.5519, -0.0441, 28.0020,  0, 0, 0
L 227.4996, 0.4571, 28.0020,  225.5144, 0.2975, 28.0020,  0, 0, 0
L 227.8999, 2.4143, 28.0020,  227.4996, 0.4571, 28.0020,  0, 0, 0
L 229.0986, 3.9991, 28.0020,  227.8999, 2.4143, 28.0020,  0, 0, 0
L 229.0141, 5.9814, 28.0020,  229.0986, 3.9991, 28.0020,  0, 0, 0
L 230.9753, 6.3354, 29.0020,  229.0141, 5.9814, 28.0020,  0, 0, 0
L 232.9472, 6.5731, 29.0020,  230.9753, 6.3354, 29.0020,  0, 0, 0
L 232.2038, 4.7337, 28.0020,  232.9472, 6.5731, 29.0020,  0, 0, 0
L 233.2780, 3.0486, 28.0020,  232.2038, 4.7337, 28.0020,  0, 0, 0
L 234.2038, 1.2841, 28.0020,  233.2780, 3.0486, 28.0020,  0, 0, 0
L 235.9427, 0.2974, 28.0020,  234.2038, 1.2841, 28.0020,  0, 0, 0
L 237.9297, 0.2972, 28.0020,  235.9427, 0.2974, 28.0020,  0, 0, 0
L 250.2947, -11.9679, 28.0020,  237.9297, 0.2972, 28.0020,  0, 0, 0
L 251.7055, -13.3786, 28.0020,  250.2947, -11.9679, 28.0020,  0, 0, 0
L 252.2036, -39.7316, 28.0020,  251.7055, -13.3786, 28.0020,  0, 0, 0
L 252.2039, -41.7276, 28.0020,  252.2036, -39.7316, 28.0020,  0, 0, 0
L 264.4844, -54.1262, 28.0020,  252.2039, -41.7276, 28.0020,  0, 0, 0
L 265.8965, -55.5382, 28.0020,  264.4844, -54.1262, 28.0020,  0, 0, 0
L 291.6511, -55.6713, 28.0020,  265.8965, -55.5382, 28.0020,  0, 0, 0
L 293.6344, -55.6710, 28.0020,  291.6511, -55.6713, 28.0020,  0, 0, 0
L 305.6792, -43.7439, 28.0020,  293.6344, -55.6710, 28.0020,  0, 0, 0
L 307.0900, -42.3331, 28.0020,  305.6792, -43.7439, 28.0020,  0, 0, 0
L 307.5775, -15.9665, 28.0020,  307.0900, -42.3331, 28.0020,  0, 0, 0
L 307.5775, -13.9884, 28.0020,  307.5775, -15.9665, 28.0020,  0, 0, 0
L 319.6860, -1.7683, 28.0020,  307.5775, -13.9884, 28.0020,  0, 0, 0
L 321.0876, -0.3667, 28.0020,  319.6860, -1.7683, 28.0020,  0, 0, 0
L 321.5776, 25.8581, 28.0020,  321.0876, -0.3667, 28.0020,  0, 0, 0
L 321.5773, 27.8402, 28.0020,  321.5776, 25.8581, 28.0020,  0, 0, 0
L 309.4699, 39.9674, 28.0020,  321.5773, 27.8402, 28.0020,  0, 0, 0
L 308.0631, 41.3629, 28.0020,  309.4699, 39.9674, 28.0020,  0, 0, 0
L 307.5775, 67.7368, 28.0020,  308.0631, 41.3629, 28.0020,  0, 0, 0
L 307.5772, 69.7295, 28.0020,  307.5775, 67.7368, 28.0020,  0, 0, 0
L 295.2861, 82.1370, 28.0020,  307.5772, 69.7295, 28.0020,  0, 0, 0
L 293.8747, 83.5481, 28.0020,  295.2861, 82.1370, 28.0020,  0, 0, 0
L 268.1406, 83.6712, 28.0020,  293.8747, 83.5481, 28.0020,  0, 0, 0
L 266.1414, 83.6711, 28.0020,  268.1406, 83.6712, 28.0020,  0, 0, 0
L 254.1063, 71.7482, 28.0020,  266.1414, 83.6711, 28.0020,  0, 0, 0
L 252.6998, 70.3415, 28.0020,  254.1063, 71.7482, 28.0020,  0, 0, 0
L 252.2036, 43.9846, 28.0020,  252.6998, 70.3415, 28.0020,  0, 0, 0
L 252.2035, 41.9902, 28.0020,  252.2036, 43.9846, 28.0020,  0, 0, 0
L 239.6277, 29.3011, 28.0020,  252.2035, 41.9902, 28.0020,  0, 0, 0
L 238.2304, 27.9038, 28.0020,  239.6277, 29.3011, 28.0020,  0, 0, 0
L 236.2441, 27.7026, 28.0020,  238.2304, 27.9038, 28.0020,  0, 0, 0
L 234.3105, 27.2910, 28.0020,  236.2441, 27.7026, 28.0020,  0, 0, 0
L 233.7164, 25.3895, 28.0020,  234.3105, 27.2910, 28.0020,  0, 0, 0
L 232.3092, 23.9821, 28.0020,  233.7164, 25.3895, 28.0020,  0, 0, 0
L 232.2424, 21.9899, 29.0020,  232.3092, 23.9821, 28.0020,  0, 0, 0
L 230.4075, 21.2394, 29.0020,  232.2424, 21.9899, 29.0020,  0, 0, 0
L 229.6087, 23.0726, 28.0020,  230.4075, 21.2394, 29.0020,  0, 0, 0
L 228.5953, 24.8906, 28.0020,  229.6087, 23.0726, 28.0020,  0, 0, 0
L 227.6087, 26.6286, 28.0020,  228.5953, 24.8906, 28.0020,  0, 0, 0
L 225.9218, 27.7028, 28.0020,  227.6087, 26.6286, 28.0020,  0, 0, 0
L 223.9541, 27.7029, 28.0020,  225.9218, 27.7028, 28.0020,  0, 0, 0
L 184.0160, 40.9636, 28.0020,  223.9541, 27.7029, 28.0020,  0, 0, 0
L 182.1375, 41.5889, 28.0020,  184.0160, 40.9636, 28.0020,  0, 0, 0
L 181.6402, 82.1900, 28.0020,  182.1375, 41.5889, 28.0020,  0, 0, 0
L 181.7130, 84.1647, 28.0020,  181.6402, 82.1900, 28.0020,  0, 0, 0
L 193.6686, 84.2662, 28.0020,  181.7130, 84.1647, 28.0020,  0, 0, 0
L 195.6680, 84.2665, 28.0020,  193.6686, 84.2662, 28.0020,  0, 0, 0
L 207.8171, 96.3001, 28.0020,  195.6680, 84.2665, 28.0020,  0, 0, 0
L 209.2310, 97.7144, 28.0020,  207.8171, 96.3001, 28.0020,  0, 0, 0
L 209.7294, 154.2037, 27.9452,  209.2310, 97.7144, 28.0020,  0, 0, 0
L 43.7585, -181.6402, 0.0020,  47.7154, -181.6402, 0.0020,  0, 0, 0
L 41.7792, -181.7077, 0.0020,  43.7585, -181.6402, 0.0020,  0, 0, 0
L 28.7330, -207.7728, 12.3421,  41.7792, -181.7077, 0.0020,  0, 0, 0
L 27.8440, -209.5524, 13.1867,  28.7330, -207.7728, 12.3421,  0, 0, 0
L -25.7884, -209.6088, 13.2106,  27.8440, -209.5524, 13.1867,  0, 0, 0
L -27.7743, -209.6085, 13.2104,  -25.7884, -209.6088, 13.2106,  0, 0, 0
L -36.3810, -192.4599, 5.0222,  -27.7743, -209.6085, 13.2104,  0, 0, 0
L -40.8442, -183.5237, 0.7587,  -36.3810, -192.4599, 5.0222,  0, 0, 0
L -41.7390, -181.7489, 0.0020,  -40.8442, -183.5237, 0.7587,  0, 0, 0
L -163.7878, -181.6357, 3.0989,  -41.7390, -181.7489, 0.0020,  0, 0, 0
L -193.7530, -181.6362, 8.1781,  -163.7878, -181.6357, 3.0989,  0, 0, 0
L -195.7027, -181.6313, 8.3212,  -193.7530, -181.6362, 8.1781,  0, 0, 0
L -205.1224, -158.0819, 9.0568,  -195.7027, -181.6313, 8.3212,  0, 0, 0
L -208.6925, -149.1518, 10.0695,  -205.1224, -158.0819, 9.0568,  0, 0, 0
L -209.3347, -147.5519, 10.3629,  -208.6925, -149.1518, 10.0695,  0, 0, 0
L -209.8277, -145.9549, 10.8548,  -209.3347, -147.5519, 10.3629,  0, 0, 0
L -213.5817, -136.9019, 10.1169,  -209.8277, -145.9549, 10.8548,  0, 0, 0
L -214.9426, -133.5669, 8.9823,  -213.5817, -136.9019, 10.1169,  0, 0, 0
L -222.3705, -115.0135, 5.2319,  -214.9426, -133.5669, 8.9823,  0, 0, 0
L -223.1112, -113.1577, 4.8574,  -222.3705, -115.0135, 5.2319,  0, 0, 0
L -223.6074, -72.6382, 7.8460,  -223.1112, -113.1577, 4.8574,  0, 0, 0
L -223.6086, -70.6936, 7.9491,  -223.6074, -72.6382, 7.8460,  0, 0, 0
L -222.9859, -68.8372, 5.4131,  -223.6086, -70.6936, 7.9491,  0, 0, 0
L -213.8062, -50.4335, 0.0020,  -222.9859, -68.8372, 5.4131,  0, 0, 0
L -212.9196, -48.6604, 0.0020,  -213.8062, -50.4335, 0.0020,  0, 0, 0
L -211.8209, -47.0214, 0.0020,  -212.9196, -48.6604, 0.0020,  0, 0, 0
L -210.3879, -45.6561, 0.0020,  -211.8209, -47.0214, 0.0020,  0, 0, 0
L -209.7641, -43.7677, 0.0020,  -210.3879, -45.6561, 0.0020,  0, 0, 0
L -209.6646, -41.7951, 0.0020,  -209.7641, -43.7677, 0.0020,  0, 0, 0
L -235.7780, -41.6713, 0.0020,  -209.6646, -41.7951, 0.0020,  0, 0, 0
L -237.7665, -41.6709, 0.0020,  -235.7780, -41.6713, 0.0020,  0, 0, 0
L -264.1476, -15.3361, 0.0020,  -237.7665, -41.6709, 0.0020,  0, 0, 0
L -265.5566, -13.9282, 0.0020,  -264.1476, -15.3361, 0.0020,  0, 0, 0
L -261.8108, -2.6545, 0.0020,  -265.5566, -13.9282, 0.0020,  0, 0, 0
L -252.3293, 25.7897, 0.0020,  -261.8108, -2.6545, 0.0020,  0, 0, 0
L -251.6971, 27.6855, 0.0020,  -252.3293, 25.7897, 0.0020,  0, 0, 0
L -199.3849, 40.7938, 0.0020,  -251.6971, 27.6855, 0.0020,  0, 0, 0
L -197.4485, 41.2773, 0.0020,  -199.3849, 40.7938, 0.0020,  0, 0, 0
L -195.6154, 42.0332, 0.0020,  -197.4485, 41.2773, 0.0020,  0, 0, 0
L -218.2312, 87.2838, 0.0020,  -195.6154, 42.0332, 0.0020,  0, 0, 0
L -222.6988, 96.2190, 0.0020,  -218.2312, 87.2838, 0.0020,  0, 0, 0
L -223.5815, 98.0027, 0.0020,  -222.6988, 96.2190, 0.0020,  0, 0, 0
L -217.1829, 117.2200, 0.0020,  -223.5815, 98.0027, 0.0020,  0, 0, 0
L -214.0239, 126.7030, 0.4600,  -217.1829, 117.2200, 0.0020,  0, 0, 0
L -213.3925, 128.5884, 1.5328,  -214.0239, 126.7030, 0.4600,  0, 0, 0
L -212.7012, 130.4577, 2.5870,  -213.3925, 128.5884, 1.5328,  0, 0, 0
L -210.4966, 137.1703, 12.9810,  -212.7012, 130.4577, 2.5870,  0, 0, 0
L -209.9125, 138.9713, 14.3875,  -210.4966, 137.1703, 12.9810,  0, 0, 0
L -204.5977, 147.2381, 18.6599,  -209.9125, 138.9713, 14.3875,  0, 0, 0
L -193.6976, 163.7217, 19.1926,  -204.5977, 147.2381, 18.6599,  0, 0, 0
L -182.6624, 180.3049, 17.7840,  -193.6976, 163.7217, 19.1926,  0, 0, 0
L -181.6922, 181.7685, 17.6860,  -182.6624, 180.3049, 17.7840,  0, 0, 0
L -178.0927, 192.5312, 17.4983,  -181.6922, 181.7685, 17.6860,  0, 0, 0
L -168.4438, 221.4491, 17.4983,  -178.0927, 192.5312, 17.4983,  0, 0, 0
L -167.8107, 223.3461, 17.4983,  -168.4438, 221.4491, 17.4983,  0, 0, 0
L -162.3461, 229.0771, 15.5825,  -167.8107, 223.3461, 17.4983,  0, 0, 0
L -160.9386, 230.4846, 15.0810,  -162.3461, 229.0771, 15.5825,  0, 0, 0
L -160.4517, 226.5161, 14.0791,  -160.9386, 230.4846, 15.0810,  0, 0, 0
L -160.4323, 224.5376, 13.7089,  -160.4517, 226.5161, 14.0791,  0, 0, 0
L -159.8970, 222.6165, 13.0622,  -160.4323, 224.5376, 13.7089,  0, 0, 0
L -156.4920, 221.9620, 11.1152,  -159.8970, 222.6165, 13.0622,  0, 0, 0
L -154.5222, 221.6806, 10.0035,  -156.4920, 221.9620, 11.1152,  0, 0, 0
L -152.6706, 220.9903, 8.8760,  -154.5222, 221.6806, 10.0035,  0, 0, 0
L -150.6727, 221.0358, 4.5791,  -152.6706, 220.9903, 8.8760,  0, 0, 0
L -134.6330, 218.8517, 0.0020,  -150.6727, 221.0358, 4.5791,  0, 0, 0
L -132.6720, 218.5713, 0.0020,  -134.6330, 218.8517, 0.0020,  0, 0, 0
L -130.7324, 218.0872, 0.0020,  -132.6720, 218.5713, 0.0020,  0, 0, 0
L -110.9108, 215.4512, 4.6905,  -130.7324, 218.0872, 0.0020,  0, 0, 0
L -106.7811, 214.8671, 1.7464,  -110.9108, 215.4512, 4.6905,  0, 0, 0
L -105.2484, 214.5423, 3.9263,  -106.7811, 214.8671, 1.7464,  0, 0, 0
L -85.5021, 211.8269, 0.0020,  -105.2484, 214.5423, 3.9263,  0, 0, 0
L -75.6090, 210.4124, 0.0020,  -85.5021, 211.8269, 0.0020,  0, 0, 0
L -73.6546, 210.0616, 0.0020,  -75.6090, 210.4124, 0.0020,  0, 0, 0
L -72.0385, 208.9237, 0.0020,  -73.6546, 210.0616, 0.0020,  0, 0, 0
L -39.1597, 219.8701, 41.9707,  -72.0385, 208.9237, 0.0020,  0, 0, 0
L -29.6897, 223.0291, 41.9707,  -39.1597, 219.8701, 41.9707,  0, 0, 0
L -27.8073, 223.6788, 41.9707,  -29.6897, 223.0291, 41.9707,  0, 0, 0
L -16.9921, 245.2571, 42.9707,  -27.8073, 223.6788, 41.9707,  0, 0, 0
L -16.0988, 247.0436, 42.9707,  -16.9921, 245.2571, 42.9707,  0, 0, 0
L -14.8854, 248.6091, 42.9707,  -16.0988, 247.0436, 42.9707,  0, 0, 0
L -12.8939, 248.6277, 42.9707,  -14.8854, 248.6091, 42.9707,  0, 0, 0
L -11.1276, 249.5099, 42.9707,  -12.8939, 248.6277, 42.9707,  0, 0, 0
L -9.1009, 249.6089, 42.9707,  -11.1276, 249.5099, 42.9707,  0, 0, 0
L -7.1265, 249.6089, 42.9707,  -9.1009, 249.6089, 42.9707,  0, 0, 0
L -5.4903, 250.7298, 44.7121,  -7.1265, 249.6089, 42.9707,  0, 0, 0
L -4.9753, 252.6464, 44.4816,  -5.4903, 250.7298, 44.7121,  0, 0, 0
L -6.3872, 254.0585, 42.9730,  -4.9753, 252.6464, 44.4816,  0, 0, 0
L -8.3836, 254.0945, 42.9707,  -6.3872, 254.0585, 42.9730,  0, 0, 0
L -10.3519, 254.3916, 42.9707,  -8.3836, 254.0945, 42.9707,  0, 0, 0
L -11.5581, 255.9771, 42.9707,  -10.3519, 254.3916, 42.9707,  0, 0, 0
L -13.2030, 257.0771, 42.9707,  -11.5581, 255.9771, 42.9707,  0, 0, 0
L -13.7027, 278.0409, 41.9707,  -13.2030, 257.0771, 42.9707,  0, 0, 0
L -13.7386, 280.0186, 41.9707,  -13.7027, 278.0409, 41.9707,  0, 0, 0
L -39.7817, 306.1064, 41.9707,  -13.7386, 280.0186, 41.9707,  0, 0, 0
L -41.1821, 307.5084, 41.9707,  -39.7817, 306.1064, 41.9707,  0, 0, 0
L -41.6712, 333.7382, 41.9707,  -41.1821, 307.5084, 41.9707,  0, 0, 0
L -41.6710, 335.7332, 41.9707,  -41.6712, 333.7382, 41.9707,  0, 0, 0
L -15.4218, 362.0012, 41.9707,  -41.6710, 335.7332, 41.9707,  0, 0, 0
L -14.0087, 363.4140, 41.9707,  -15.4218, 362.0012, 41.9707,  0, 0, 0
L 11.8795, 363.5462, 41.9707,  -14.0087, 363.4140, 41.9707,  0, 0, 0
L 13.8624, 363.5460, 41.9707,  11.8795, 363.5462, 41.9707,  0, 0, 0
L 37.6892, 339.7340, 41.9707,  13.8624, 363.5460, 41.9707,  0, 0, 0
L 39.1002, 338.3230, 41.9707,  37.6892, 339.7340, 41.9707,  0, 0, 0
L 40.3523, 336.7762, 41.9707,  39.1002, 338.3230, 41.9707,  0, 0, 0
L 41.9267, 335.5802, 41.9707,  40.3523, 336.7762, 41.9707,  0, 0, 0
L 61.5859, 355.0500, 37.5449,  41.9267, 335.5802, 41.9707,  0, 0, 0
L 68.6600, 362.0872, 36.7674,  61.5859, 355.0500, 37.5449,  0, 0, 0
L 70.0043, 363.4578, 35.5465,  68.6600, 362.0872, 36.7674,  0, 0, 0
L 93.0764, 351.9774, 30.3078,  70.0043, 363.4578, 35.5465,  0, 0, 0
L 94.7938, 351.1207, 29.9183,  93.0764, 351.9774, 30.3078,  0, 0, 0
L 96.0874, 349.8949, 29.6603,  94.7938, 351.1207, 29.9183,  0, 0, 0
L 97.1793, 348.5646, 29.4955,  96.0874, 349.8949, 29.6603,  0, 0, 0
L 110.3778, 361.8363, 28.0020,  97.1793, 348.5646, 29.4955,  0, 0, 0
L 111.7768, 363.2322, 28.0020,  110.3778, 361.8363, 28.0020,  0, 0, 0
L 112.2661, 415.3025, 15.9372,  111.7768, 363.2322, 28.0020,  0, 0, 0
L 112.4684, 417.2905, 15.4705,  112.2661, 415.3025, 15.9372,  0, 0, 0
L 113.2906, 419.0751, 17.2522,  112.4684, 417.2905, 15.4705,  0, 0, 0
L 100.1669, 432.0394, 14.0020,  113.2906, 419.0751, 17.2522,  0, 0, 0
L 98.7599, 433.4431, 14.0020,  100.1669, 432.0394, 14.0020,  0, 0, 0
L 98.2661, 445.5818, 14.0020,  98.7599, 433.4431, 14.0020,  0, 0, 0
L 98.2665, 447.5693, 14.0020,  98.2661, 445.5818, 14.0020,  0, 0, 0
L 137.1201, 460.5591, 14.0020,  98.2665, 447.5693, 14.0020,  0, 0, 0
L 139.0061, 461.1879, 14.0020,  137.1201, 460.5591, 14.0020,  0, 0, 0
L 140.9893, 460.9541, 14.0020,  139.0061, 461.1879, 14.0020,  0, 0, 0
L 167.8138, 447.5422, 14.0020,  140.9893, 460.9541, 14.0020,  0, 0, 0
L 193.9902, 460.5205, 14.0020,  167.8138, 447.5422, 14.0020,  0, 0, 0
L 195.7732, 461.4129, 14.0020,  193.9902, 460.5205, 14.0020,  0, 0, 0
L 207.3516, 449.9463, 14.0020,  195.7732, 461.4129, 14.0020,  0, 0, 0
L 208.7608, 448.5371, 14.0020,  207.3516, 449.9463, 14.0020,  0, 0, 0
L 209.2590, 418.5998, 15.8192,  208.7608, 448.5371, 14.0020,  0, 0, 0
L 208.9163, 416.6845, 15.5271,  209.2590, 418.5998, 15.8192,  0, 0, 0
L 208.4170, 413.9162, 11.4975,  208.9163, 416.6845, 15.5271,  0, 0, 0
L 208.0278, 411.9712, 11.1483,  208.4170, 413.9162, 11.4975,  0, 0, 0
L 207.5290, 409.4786, 10.7000,  208.0278, 411.9712, 11.1483,  0, 0, 0
L 207.1370, 407.5190, 10.3481,  207.5290, 409.4786, 10.7000,  0, 0, 0
L 206.6403, 405.0373, 9.9031,  207.1370, 407.5190, 10.3481,  0, 0, 0
L 206.2520, 403.0964, 9.5545,  206.6403, 405.0373, 9.9031,  0, 0, 0
L 205.7545, 400.6102, 9.1082,  206.2520, 403.0964, 9.5545,  0, 0, 0
L 205.3653, 398.6649, 8.7588,  205.7545, 400.6102, 9.1082,  0, 0, 0
L 204.8674, 396.1765, 8.3121,  205.3653, 398.6649, 8.7588,  0, 0, 0
L 204.4770, 394.2253, 7.9618,  204.8674, 396.1765, 8.3121,  0, 0, 0
L 203.9813, 391.7482, 7.5170,  204.4770, 394.2253, 7.9618,  0, 0, 0
L 203.5915, 389.8000, 7.1672,  203.9813, 391.7482, 7.5170,  0, 0, 0
L 203.0921, 387.3039, 6.7191,  203.5915, 389.8000, 7.1672,  0, 0, 0
L 202.7016, 385.3525, 6.3687,  203.0921, 387.3039, 6.7191,  0, 0, 0
L 202.2054, 382.8727, 5.9228,  202.7016, 385.3525, 6.3687,  0, 0, 0
L 201.8149, 380.9210, 5.5731,  202.2054, 382.8727, 5.9228,  0, 0, 0
L 201.3189, 378.4419, 5.1279,  201.8149, 380.9210, 5.5731,  0, 0, 0
L 200.9283, 376.4897, 4.7775,  201.3189, 378.4419, 5.1279,  0, 0, 0
L 200.4330, 374.0143, 4.3330,  200.9283, 376.4897, 4.7775,  0, 0, 0
L 200.0421, 372.0604, 3.9829,  200.4330, 374.0143, 4.3330,  0, 0, 0
L 199.5450, 369.5763, 3.5362,  200.0421, 372.0604, 3.9829,  0, 0, 0
L 199.1535, 367.6201, 3.1850,  199.5450, 369.5763, 3.5362,  0, 0, 0
L 198.6557, 365.1321, 2.7383,  199.1535, 367.6201, 3.1850,  0, 0, 0
L 198.2674, 363.1911, 2.3905,  198.6557, 365.1321, 2.7383,  0, 0, 0
L 197.7694, 360.7025, 1.9430,  198.2674, 363.1911, 2.3905,  0, 0, 0
L 197.3795, 358.7537, 1.5931,  197.7694, 360.7025, 1.9430,  0, 0, 0
L 196.8835, 356.2752, 1.1482,  197.3795, 358.7537, 1.5931,  0, 0, 0
L 196.4932, 354.3247, 0.7972,  196.8835, 356.2752, 1.1482,  0, 0, 0
L 195.9934, 351.8261, 0.3500,  196.4932, 354.3247, 0.7972,  0, 0, 0
L 195.6085, 349.8672, 0.0020,  195.9934, 351.8261, 0.3500,  0, 0, 0
L 207.6982, 337.6623, 0.0020,  195.6085, 349.8672, 0.0020,  0, 0, 0
L 209.1100, 336.2505, 0.0020,  207.6982, 337.6623, 0.0020,  0, 0, 0
L 209.6088, 324.1044, 0.0020,  209.1100, 336.2505, 0.0020,  0, 0, 0
L 209.6086, 322.1100, 0.0020,  209.6088, 324.1044, 0.0020,  0, 0, 0
L 197.5069, 309.8961, 0.0020,  209.6086, 322.1100, 0.0020,  0, 0, 0
L 196.1056, 308.4948, 0.0020,  197.5069, 309.8961, 0.0020,  0, 0, 0
L 195.6088, 257.1644, 1.0020,  196.1056, 308.4948, 0.0020,  0, 0, 0
L 195.6089, 255.1682, 1.0020,  195.6088, 257.1644, 1.0020,  0, 0, 0
L 194.6142, 253.4453, 1.0020,  195.6089, 255.1682, 1.0020,  0, 0, 0
L 192.8857, 252.4405, 3.5109,  194.6142, 253.4453, 1.0020,  0, 0, 0
L 192.9350, 250.4646, 1.0020,  192.8857, 252.4405, 3.5109,  0, 0, 0
L 194.9125, 250.1911, 1.0020,  192.9350, 250.4646, 1.0020,  0, 0, 0
L 196.7610, 249.4441, 4.3896,  194.9125, 250.1911, 1.0020,  0, 0, 0
L 198.8822, 245.3072, 0.0020,  196.7610, 249.4441, 4.3896,  0, 0, 0
L 203.3580, 236.3892, 0.0020,  198.8822, 245.3072, 0.0020,  0, 0, 0
L 208.6274, 225.7991, 0.0020,  203.3580, 236.3892, 0.0020,  0, 0, 0
L 209.5191, 224.0158, 0.0020,  208.6274, 225.7991, 0.0020,  0, 0, 0
L 213.8824, 219.5096, 0.0020,  212.4740, 220.9178, 0.0020,  0, 0, 0
L 214.8915, 218.4487, 2.2710,  208.4810, 225.0677, 0.9021,  0, 0, 0
L 230.1077, 203.2872, 0.5594,  214.8915, 218.4487, 2.2710,  0, 0, 0
L 231.4111, 201.9827, 0.7591,  230.1077, 203.2872, 0.5594,  0, 0, 0
L 232.4659, 200.5894, 0.9761,  231.4111, 201.9827, 0.7591,  0, 0, 0
L 233.7566, 199.3938, 0.0020,  232.4659, 200.5894, 0.9761,  0, 0, 0
L 235.2681, 198.1278, 0.0132,  233.7566, 199.3938, 0.0020,  0, 0, 0
L 236.6670, 196.7254, 0.0021,  235.2681, 198.1278, 0.0132,  0, 0, 0
L 237.1792, 194.7952, 0.1029,  236.6670, 196.7254, 0.0021,  0, 0, 0
L 235.1006, 188.4602, 3.2802,  237.1792, 194.7952, 0.1029,  0, 0, 0
L 225.6145, 160.0021, 5.5779,  235.1006, 188.4602, 3.2802,  0, 0, 0
L 224.9905, 158.1307, 5.7522,  225.6145, 160.0021, 5.5779,  0, 0, 0
L 224.3407, 156.2408, 8.0883,  224.9905, 158.1307, 5.7522,  0, 0, 0
L 223.7380, 154.3753, 10.4222,  224.3407, 156.2408, 8.0883,  0, 0, 0
L 221.5800, 154.3326, 10.8005,  223.7380, 154.3753, 10.4222,  0, 0, 0
L 211.6447, 154.2344, 9.6580,  221.5800, 154.3326, 10.8005,  0, 0, 0
L 209.9651, 154.3009, 9.1209,  211.6447, 154.2344, 9.6580,  0, 0, 0
L 208.6961, 155.5856, 8.5298,  209.9651, 154.3009, 9.1209,  0, 0, 0
L 201.9579, 162.3992, 7.7721,  208.6961, 155.5856, 8.5298,  0, 0, 0
L 189.8625, 174.4106, 0.0020,  201.9579, 162.3992, 7.7721,  0, 0, 0
L 188.4644, 175.8127, 0.0020,  189.8625, 174.4106, 0.0020,  0, 0, 0
L 187.6233, 177.6215, 0.0020,  188.4644, 175.8127, 0.0020,  0, 0, 0
L 187.0681, 179.5402, 0.0020,  187.6233, 177.6215, 0.0020,  0, 0, 0
L 185.9290, 181.1687, 0.0020,  187.0681, 179.5402, 0.0020,  0, 0, 0
L 184.1026, 181.9449, 0.0020,  185.9290, 181.1687, 0.0020,  0, 0, 0
L 182.1231, 182.2152, 0.0020,  184.1026, 181.9449, 0.0020,  0, 0, 0
L 181.6346, 115.6275, 13.3203,  182.1231, 182.2152, 0.0020,  0, 0, 0
L 181.5962, 113.9916, 13.8921,  181.6346, 115.6275, 13.3203,  0, 0, 0
L 172.5164, 99.2415, 18.0811,  181.5962, 113.9916, 13.8921,  0, 0, 0
L 167.2961, 90.7637, 18.7144,  172.5164, 99.2415, 18.0811,  0, 0, 0
L 166.2459, 89.0952, 22.3860,  167.2961, 90.7637, 18.7144,  0, 0, 0
L 164.4105, 88.4008, 17.9155,  166.2459, 89.0952, 22.3860,  240, 240, 0
L 162.6351, 89.2936, 16.5000,  164.4105, 88.4008, 17.9155,  240, 240, 0
L 133.6030, 88.3695, 0.0020,  162.6351, 89.2936, 16.5000,  240, 240, 0
L 143.3760, 69.4038, 1.2198,  133.5105, 69.8295, 0.0020,  240, 240, 0
L 153.3621, 69.5854, 9.1544,  143.3760, 69.4038, 1.2198,  240, 240, 0
L 163.3502, 69.5860, 17.1082,  153.3621, 69.5854, 9.1544,  240, 240, 0
L 165.3311, 69.6594, 18.6866,  163.3502, 69.5860, 17.1082,  240, 240, 0
L 165.8117, 33.7052, 17.6515,  165.3311, 69.6594, 18.6866,  0, 0, 0
L 165.8907, 31.7310, 17.4479,  165.8117, 33.7052, 17.6515,  0, 0, 0
L 166.3898, 19.2527, 16.1612,  165.8907, 31.7310, 17.4479,  0, 0, 0
L 166.4698, 17.2552, 15.9556,  166.3898, 19.2527, 16.1612,  0, 0, 0
L 166.9689, 4.7764, 14.6688,  166.4698, 17.2552, 15.9556,  0, 0, 0
L 167.0476, 2.8078, 14.4653,  166.9689, 4.7764, 14.6688,  0, 0, 0
L 167.5465, -9.6644, 13.1790,  167.0476, 2.8078, 14.4653,  0, 0, 0
L 167.5228, -11.6414, 14.2310,  167.5465, -9.6644, 13.1790,  0, 0, 0
L 176.8597, -43.3611, 10.8652,  167.5228, -11.6414, 14.2310,  0, 0, 0
L 177.4218, -45.2700, 10.5854,  176.8597, -43.3611, 10.8652,  0, 0, 0
L 179.1539, -46.2664, 12.9500,  177.4218, -45.2700, 10.5854,  0, 0, 0
L 181.1445, -46.2663, 14.0685,  179.1539, -46.2664, 12.9500,  0, 0, 0
L 181.6399, -179.5055, 9.2392,  181.1445, -46.2663, 14.0685,  0, 0, 0
L 181.6399, -181.5011, 9.9643,  181.6399, -179.5055, 9.2392,  0, 0, 0
L 140.6174, -181.5827, 10.9298,  181.6399, -181.5011, 9.9643,  0, 0, 0
L 82.8219, -181.6401, 8.7912,  140.6174, -181.5827, 10.9298,  0, 0, 0
L 80.8468, -181.6401, 8.4689,  82.8219, -181.6401, 8.7912,  0, 0, 0
L 78.8522, -181.5152, 9.7319,  80.8468, -181.6401, 8.4689,  0, 0, 0
L 53.7983, -181.6401, 0.0020,  78.8522, -181.5152, 9.7319,  0, 0, 0
L 43.8067, -181.6402, 0.0020,  53.7983, -181.6401, 0.0020,  0, 0, 0
L 41.8382, -181.6697, 0.0020,  43.8067, -181.6402, 0.0020,  0, 0, 0
L 39.4412, -186.3158, 2.0985,  41.8382, -181.6697, 0.0020,  0, 0, 0
L -28.5443, 139.6338, -4.5339,  -22.6320, 139.6370, -4.5334,  0, 0, 0
L -38.1311, 139.6357, -4.5291,  -28.5443, 139.6338, -4.5339,  0, 0, 0
L -40.0170, 139.6090, -3.4355,  -38.1311, 139.6357, -4.5291,  0, 0, 0
L -42.0018, 139.4806, -5.0966,  -40.0170, 139.6090, -3.4355,  0, 0, 0
L -117.1160, 64.3775, -5.0968,  -42.0018, 139.4806, -5.0966,  0, 0, 0
L -138.0322, 43.4468, -5.0960,  -117.1160, 64.3775, -5.0968,  0, 0, 0
L -139.3110, 42.1697, -5.0950,  -138.0322, 43.4468, -5.0960,  0, 0, 0
L -139.5926, -38.6895, -2.5459,  -139.3110, 42.1697, -5.0950,  0, 0, 0
L -139.6220, -40.6254, -3.6590,  -139.5926, -38.6895, -2.5459,  0, 0, 0
L -139.0549, -42.4215, -5.0965,  -139.6220, -40.6254, -3.6590,  0, 0, 0
L -65.1951, -116.2940, -5.0997,  -139.0549, -42.4215, -5.0965,  0, 0, 0
L -44.5582, -136.9193, -5.0958,  -65.1951, -116.2940, -5.0997,  0, 0, 0
L -43.1768, -138.3057, -4.7750,  -44.5582, -136.9193, -5.0958,  0, 0, 0
L -41.6944, -139.6362, -4.5334,  -43.1768, -138.3057, -4.7750,  0, 0, 0
L 30.3583, -139.6339, -4.5343,  -41.6944, -139.6362, -4.5334,  0, 0, 0
L 40.1550, -139.6357, -4.5338,  30.3583, -139.6339, -4.5343,  0, 0, 0
L 41.9116, -139.5667, -5.0963,  40.1550, -139.6357, -4.5338,  0, 0, 0
L 138.0276, -43.4523, -5.0959,  41.9116, -139.5667, -5.0963,  0, 0, 0
L 139.1935, -42.2831, -4.5403,  138.0276, -43.4523, -5.0959,  0, 0, 0
L 139.6376, 39.8845, -4.5335,  139.1935, -42.2831, -4.5403,  0, 0, 0
L 139.6401, 41.8166, -4.5269,  139.6376, 39.8845, -4.5335,  0, 0, 0
L 86.2991, 95.2102, -5.0961,  139.6401, 41.8166, -4.5269,  0, 0, 0
L 65.1045, 116.4049, -5.0964,  86.2991, 95.2102, -5.0961,  0, 0, 0
L 44.1819, 137.3014, -5.0960,  65.1045, 116.4049, -5.0964,  0, 0, 0
L 43.1734, 138.3117, -5.0956,  44.1819, 137.3014, -5.0960,  0, 0, 0
L 41.7540, 139.6348, -4.5339,  43.1734, 138.3117, -5.0956,  0, 0, 0
L -30.8534, 139.6263, -4.5342,  41.7540, 139.6348, -4.5339,  0, 0, 0
L -40.5007, 139.6360, -4.5335,  -30.8534, 139.6263, -4.5342,  0, 0, 0
L -41.9342, 139.5454, -5.0963,  -40.5007, 139.6360, -4.5335,  0, 0, 0
L -71.3718, 110.1264, -5.0963,  -41.9342, 139.5454, -5.0963,  0, 0, 0
L -92.4207, 89.0902, -5.0960,  -71.3718, 110.1264, -5.0963,  0, 0, 0
L -56.2678, -26.1157, -29.4167,  -56.2662, -7.2097, -29.4167,  0, 0, 240
L -56.2756, -28.0311, -29.4167,  -56.2678, -26.1157, -29.4167,  0, 0, 240
L -43.5695, -40.8227, -29.4167,  -56.2756, -28.0311, -29.4167,  0, 0, 240
L -29.5228, -54.8689, -29.4167,  -43.5695, -40.8227, -29.4167,  0, 0, 240
L -28.1649, -56.2185, -29.4167,  -29.5228, -54.8689, -29.4167,  0, 0, 240
L 20.4173, -56.2688, -29.4167,  -28.1649, -56.2185, -29.4167,  0, 0, 240
L 22.1813, -56.2685, -29.4167,  20.4173, -56.2688, -29.4167,  0, 0, 240
L 24.1213, -56.6860, -29.4167,  22.1813, -56.2685, -29.4167,  0, 0, 240
L 26.1477, -56.5337, -29.4167,  24.1213, -56.6860, -29.4167,  0, 0, 240
L 28.0725, -56.3203, -29.4167,  26.1477, -56.5337, -29.4167,  0, 0, 240
L 54.5743, -29.8188, -29.4167,  28.0725, -56.3203, -29.4167,  0, 0, 240
L 55.8001, -28.5921, -29.4167,  54.5743, -29.8188, -29.4167,  0, 0, 240
L 56.2678, 25.9488, -29.4167,  55.8001, -28.5921, -29.4167,  0, 0, 240
L 56.3133, 27.9280, -29.4167,  56.2678, 25.9488, -29.4167,  0, 0, 240
L 53.1314, 31.2618, -29.4167,  56.3133, 27.9280, -29.4167,  0, 0, 240
L 32.0444, 52.3483, -29.4167,  53.1314, 31.2618, -29.4167,  0, 0, 240
L 30.8123, 53.5795, -29.4167,  32.0444, 52.3483, -29.4167,  0, 0, 240
L 29.8844, 55.2028, -29.4167,  30.8123, 53.5795, -29.4167,  0, 0, 240
L 28.2016, 56.2684, -29.4167,  29.8844, 55.2028, -29.4167,  0, 0, 240
L -16.1915, 56.2662, -29.4167,  28.2016, 56.2684, -29.4167,  0, 0, 240
L -26.1816, 56.2684, -29.4167,  -16.1915, 56.2662, -29.4167,  0, 0, 240
L -28.1513, 56.2262, -29.4167,  -26.1816, 56.2684, -29.4167,  0, 0, 240
L -51.5691, 32.8239, -29.4167,  -28.1513, 56.2262, -29.4167,  0, 0, 240
L -52.8878, 31.5048, -29.4167,  -51.5691, 32.8239, -29.4167,  0, 0, 240
L -54.4596, 30.5616, -29.4167,  -52.8878, 31.5048, -29.4167,  0, 0, 240
L -55.7972, 29.0931, -29.4167,  -54.4596, 30.5616, -29.4167,  0, 0, 240
L -56.2689, -18.1215, -29.4167,  -55.7972, 29.0931, -29.4167,  0, 0, 240
L -56.2876, -19.9975, -29.4167,  -56.2689, -18.1215, -29.4167,  0, 0, 0
L -38.2250, -46.1647, -29.4167,  -56.3953, -27.9682, -29.4167,  0, 0, 240
L -95.7600, -29.7855, -29.4038,  -52.8337, -72.6832, -29.4167,  0, 0, 240
L -97.1706, -28.3757, -29.4038,  -95.7600, -29.7855, -29.4038,  0, 0, 240
L -97.6692, 25.9602, -29.4038,  -97.1706, -28.3757, -29.4038,  0, 0, 240
L -97.6707, 27.8313, -29.6565,  -97.6692, 25.9602, -29.4038,  0, 0, 240
L -50.3164, 75.2277, -29.6565,  -97.6707, 27.8313, -29.6565,  0, 0, 240
L -29.2562, 96.2888, -29.6565,  -50.3164, 75.2277, -29.6565,  0, 0, 240
L -27.9305, 97.6169, -29.8374,  -29.2562, 96.2888, -29.6565,  0, 0, 240
L 25.8005, 97.6705, -30.0496,  -27.9305, 97.6169, -29.8374,  0, 0, 240
L 27.7763, 97.6705, -30.0496,  25.8005, 97.6705, -30.0496,  0, 0, 240
L 47.8553, 77.6584, -30.0496,  27.7763, 97.6705, -30.0496,  0, 0, 240
L 74.6576, 50.8605, -30.0460,  47.8553, 77.6584, -30.0496,  0, 0, 240
L 95.8112, 29.7312, -30.0395,  74.6576, 50.8605, -30.0460,  0, 0, 240
L 97.1979, 28.3476, -30.0395,  95.8112, 29.7312, -30.0395,  0, 0, 240
L 97.6688, -25.7950, -30.2427,  97.1979, 28.3476, -30.0395,  0, 0, 240
L 97.6700, -27.7545, -30.3936,  97.6688, -25.7950, -30.2427,  0, 0, 240
L 29.2319, -96.3139, -30.3936,  97.6700, -27.7545, -30.3936,  0, 0, 240
L 27.8780, -97.6690, -30.3936,  29.2319, -96.3139, -30.3936,  0, 0, 240
L -25.7839, -97.6698, -30.3936,  27.8780, -97.6690, -30.3936,  0, 0, 240
L -27.6391, -97.6703, -30.3936,  -25.7839, -97.6698, -30.3936,  0, 0, 240
L -33.2006, -92.3323, -30.3936,  -27.6391, -97.6703, -30.3936,  0, 0, 240
L -65.1697, -60.3453, -30.3936,  -33.2006, -92.3323, -30.3936,  0, 0, 240
