P 5002.3433, 559.9229, -198.4052,  255, 0, 0,  3,  to_Kael_Drakkel
P -4755.6431, -1545.5203, -63.9677,  255, 0, 0,  3,  to_Skyshrine
P 1069.5026, -466.4202, -24.9990,  255, 0, 0,  3,  to_Plane_of_Growth
P 5000.0000, 673.0000, 0.0000,  255, 0, 0,  2,  Succor
P -1447.0000, -1857.0000, 0.0000,  0, 0, 0,  2,  Lady_Gelestial
P 39.0000, -1726.0000, 0.0000,  255, 255, 255,  2,  Fairie_Village
P -2044.0000, 3394.0000, 0.0000,  255, 255, 255,  2,  Holgesh_Lair
P 2978.0000, 3017.0000, 0.0000,  240, 0, 0,  2,  Druid_Portal
P -161, -206, -62, 240, 127, 0, 2, Wuoshi_(Raid)
P -2029.7830, 4132.3843, -186.7531,  127, 64, 0,  2,  an_elder_holgresh_(Hunter)
P -2028.3176, 4133.8105, -186.7323,  127, 64, 0,  2,  Grand_Vizier_Poolakacha`tei_(Hunter)
P -1633.2162, 2122.0549, 20.9589,  127, 64, 0,  2,  a_holgresh_raider_(Hunter)
P -775.7103, -947.1648, -199.1644,  127, 64, 0,  2,  Lord_Gossimerwind_(Hunter,Roam)
P -449.3567, -611.2274, -204.8608,  127, 64, 0,  2,  Lord_Prismwing_(Hunter,Roam)
P -797.1703, -2186.2808, -120.7618,  127, 64, 0,  2,  Rapticor_(Hunter,Roam,HS)
